"Y","E1","E2","E3","E4","G1","G2","G3","G4","G5","G6","G7","G8","G9","G10","G11","G12","G13","G14","G15","G16","G17","G18","G19","G20"
137916.03677928,11.6079779248685,9.14997326675802,13.0019144411199,8.96098192315549,1,1,0,0,1,1,1,1,1,1,1,1,0,0,1,0,1,1,1,0
71500.6347852001,11.2911404389888,11.8989216187038,13.3482421701774,7.72798059973866,0,1,0,1,1,1,1,1,0,1,0,1,1,1,1,0,1,1,0,1
22747.9494473719,5.61786270467564,12.1692087710835,12.2468771063723,7.0278834970668,1,0,0,1,1,0,1,1,1,1,1,0,1,0,1,0,0,0,0,1
37370.4267652537,7.05974574899301,5.12379169929773,7.80629894929007,7.09498702315614,1,0,1,1,1,1,0,0,1,1,0,1,1,1,1,0,1,1,1,1
64483.574305378,6.76556752528995,5.37829448468983,11.4290270302445,6.16892940597609,1,1,1,0,0,1,1,0,1,0,1,1,0,1,1,0,1,1,0,1
102840.175092054,11.8702284665778,5.90877414215356,14.5878588128835,7.7199873724021,0,1,1,0,1,0,1,0,0,0,1,1,1,1,1,0,1,1,0,1
59173.5448516358,8.84103718213737,8.98823967436329,10.3710904461332,5.88926020776853,1,1,1,1,1,0,0,0,0,1,1,0,0,0,1,1,1,1,1,0
83058.1017641869,12.6984141999856,14.0021457592957,9.31453318335116,10.3462800849229,1,1,0,1,1,1,0,1,1,0,0,1,1,0,1,1,0,1,0,0
73910.8728700109,9.97699242085218,9.44902628427371,12.2411874006502,7.70209172740579,1,0,0,1,1,0,1,1,0,1,1,1,1,1,1,0,0,0,1,1
49508.8531791087,12.1761850826442,12.5515309209004,6.74124128883705,9.0737719531171,1,1,1,1,1,0,1,0,1,0,0,1,1,0,0,1,1,1,1,1
43405.1388393207,14.9190609483048,12.1147023956291,8.20324381114915,11.8266466632485,1,0,1,0,1,1,1,1,0,1,0,0,1,1,1,0,0,1,1,1
19225.3859384904,8.80035179434344,6.66756350314245,8.87977738399059,13.9662037137896,0,1,1,1,1,1,1,1,0,0,0,1,0,0,1,1,0,1,1,0
22226.9193004423,12.7744522131979,13.6914238915779,5.54493907373399,8.02601492032409,0,1,1,1,1,1,1,1,0,0,0,1,1,0,1,1,0,1,1,1
85847.7440835965,14.3470523110591,5.8918453543447,7.77924564434215,5.58932491810992,1,1,1,0,1,1,1,1,0,0,1,1,1,1,1,0,0,1,0,0
34991.81141849,7.12142521282658,6.6301366337575,12.154537870083,12.5905920891091,1,0,1,1,0,1,0,1,1,1,1,1,1,1,0,1,1,1,0,0
73413.2501361088,11.5167376608588,13.4935368830338,8.28546082368121,5.67656901199371,1,1,0,1,1,1,1,0,0,1,0,1,1,1,0,1,0,1,0,0
54400.6606722676,6.25555095961317,11.2813034118153,11.0145514900796,11.1180255841464,1,0,1,1,0,1,0,1,1,1,0,0,1,1,0,1,1,0,1,0
56379.9869628113,7.67220668727532,7.08459950983524,10.2392081730068,6.3629122916609,1,1,1,0,1,1,1,1,0,1,0,1,1,1,1,0,1,1,0,1
50768.5712656184,8.86114092543721,11.7286082683131,13.6054912791587,7.39740301854908,1,1,1,1,0,1,1,1,1,0,0,1,1,1,1,0,1,1,0,0
24615.5509469476,5.13390333158895,14.6420569089241,10.3276926395483,9.88389725564048,0,1,0,0,1,0,0,1,0,1,0,0,1,0,1,0,1,0,0,1
14980.3197602633,8.82387957070023,13.8173885201104,6.11421905225143,10.3958550887182,1,1,1,1,1,1,1,0,0,1,0,0,1,1,1,0,1,0,0,1
78582.3741130389,13.6969084572047,14.6176468697377,12.7589348191395,14.8513559624553,1,0,0,1,0,1,1,0,1,0,1,1,1,1,1,1,0,0,1,0
42792.8608028281,8.4034899668768,9.64693185640499,5.62939797295257,11.0298883565702,0,0,1,1,0,0,0,1,0,0,1,1,0,1,1,0,1,1,1,1
77947.2083869384,9.82080115471035,5.72877357248217,12.0528526767157,14.1462331195362,0,1,0,1,1,1,1,1,0,0,0,0,0,0,1,1,1,1,1,1
28564.9869469978,10.9956582542509,13.7430875352584,5.49255879828706,7.36143616726622,1,0,1,1,0,1,1,1,0,1,0,0,1,0,1,0,1,1,0,1
55824.9123551528,9.93541307048872,6.98872806271538,12.8131665894762,8.52573910960928,0,0,1,1,0,1,0,1,1,0,1,1,0,1,0,1,1,0,0,1
37148.2119393778,6.86217601411045,10.3458975860849,12.8413926251233,14.6309983334504,1,1,1,0,0,1,1,0,0,1,0,0,1,1,1,1,0,0,0,0
94888.2136107263,13.2737331860699,6.05562190990895,10.5257573979907,7.18065006658435,0,1,0,0,1,1,1,0,0,0,1,1,1,1,0,0,1,1,1,1
97981.9743214201,11.6846673819236,8.83995017269626,13.5510840639472,13.7276686984114,0,0,1,1,0,0,0,0,1,0,1,1,1,1,1,1,1,0,1,1
59276.8096382429,12.9423986072652,12.4770592455752,7.09872044855729,13.9690030179918,1,1,1,1,1,0,0,0,1,1,1,0,0,1,0,0,0,1,1,0
44624.828438592,6.07943625887856,11.9579099793918,7.30055250460282,8.90888018999249,1,1,1,1,0,0,1,1,1,1,0,1,1,0,0,0,1,1,0,0
50652.4170550739,12.2371094604023,5.9839177201502,11.7341043055058,11.2096382444724,0,1,1,0,1,0,1,1,1,1,0,0,1,1,0,1,1,1,1,0
86378.0746617337,9.11274429643527,11.1153179337271,9.44783360464498,11.7427899525501,1,1,1,0,1,1,1,0,1,0,1,1,0,1,0,1,1,1,1,0
77412.6953319646,13.2094629411586,5.20925253862515,11.6006534453481,8.37790174642578,1,1,1,1,1,1,1,1,1,1,0,0,1,1,1,0,1,0,0,1
16139.1040361588,11.4706019381993,11.4971224917099,5.77821893850341,14.3212196207605,0,0,1,1,0,1,1,1,1,1,0,0,1,1,1,0,0,1,1,1
44517.301607257,12.8293276228942,14.7837807028554,8.4324827324599,9.84986192779616,1,0,0,1,0,0,0,1,0,0,0,1,1,0,0,1,1,0,0,0
71653.992799029,10.5303631164134,13.4250445920043,13.0745480023324,9.86794000258669,1,0,1,1,0,0,0,1,0,0,1,1,0,0,1,1,0,1,1,1
24422.9936700463,10.2971958019771,13.427858420182,8.4897535527125,13.824450597167,0,0,0,1,1,1,1,0,1,1,1,1,1,0,1,1,1,1,1,0
39657.7526261122,12.8935623168945,8.87452162569389,5.52082400768995,9.81274439487606,0,0,0,1,1,0,1,1,1,0,1,0,0,0,1,1,0,0,1,1
52760.0065498106,5.23331202333793,12.9307110211812,13.6328280088492,9.57926973700523,1,0,0,0,1,0,1,1,1,1,1,0,1,0,0,1,1,1,1,0
70508.8590202569,9.77230065036565,9.06196559080854,10.5691945436411,5.27769605396315,0,0,0,1,0,1,0,0,0,0,0,0,1,1,1,0,1,1,0,0
90686.6926612108,12.323137386702,7.53348905127496,14.0995533601381,10.8021426736377,1,1,1,1,1,1,0,1,1,1,0,0,0,0,0,1,1,1,0,1
35559.658004589,11.9273155648261,9.19303989037871,12.6129663223401,9.94763478403911,0,0,0,1,1,1,0,1,0,1,1,0,1,1,1,1,1,1,0,1
26340.3575418125,9.77619622135535,9.95499532902613,10.4554184270091,12.8242476261221,1,0,1,1,1,0,1,1,1,1,0,1,1,1,0,0,1,1,1,1
38016.5816123966,13.612094768323,13.582459569443,9.77882002945989,10.2370248478837,0,0,1,1,1,1,0,1,1,0,1,1,0,0,1,1,0,1,1,1
46459.3752613919,9.38097107224166,12.3226485354826,8.47431353293359,7.93860214063898,1,1,0,1,1,0,0,0,1,0,1,1,1,1,0,1,0,1,0,0
24643.1594915998,7.44797277031466,14.7442849050276,10.6820780434646,6.25058113131672,1,0,1,1,1,1,1,1,0,0,0,0,1,1,0,1,0,0,1,0
56602.783279213,5.70679047144949,6.00054909707978,14.5076918718405,5.21355139324442,1,1,0,0,0,1,1,0,1,1,0,0,1,1,1,1,1,1,0,1
32180.7392512791,5.99466160172597,13.325908370316,7.61379009811208,10.0178752676584,0,0,1,0,0,0,0,0,0,0,1,0,0,0,1,0,1,0,1,1
19556.3931785279,8.1627170718275,9.50554177863523,6.06805441435426,9.91354805417359,1,1,1,0,1,0,0,1,1,0,0,0,1,1,1,1,1,1,0,0
32692.2803133552,10.1863426319323,13.5045913583599,7.53757920349017,6.8844457459636,1,0,1,1,1,1,0,1,1,1,1,1,1,1,0,1,0,0,0,1
42085.9576410612,11.620050764177,10.6975154369138,6.80903868051246,13.8919961219653,1,1,0,0,1,1,0,1,1,1,1,0,1,1,1,1,1,1,0,0
55185.1317152645,9.06830187188461,14.6154251391999,10.3138892003335,12.4890440702438,1,0,1,0,0,0,1,1,1,1,0,1,1,1,1,1,0,0,0,1
94143.5604523051,14.1287592425942,14.5475073391572,13.023495413363,9.31057836627588,0,1,1,1,1,0,0,1,1,1,1,1,1,1,1,1,0,1,1,1
36850.0131933168,7.93603372760117,7.83779508899897,9.7949518612586,10.019527010154,1,0,0,0,1,0,1,1,1,0,1,0,1,0,1,0,0,0,1,0
12415.6287230798,9.59065726259723,12.3960649780929,6.77401563152671,12.4665906699374,0,0,1,1,1,0,1,0,0,0,1,0,1,1,0,1,1,1,0,1
62946.5294723884,8.32394674187526,5.70742575684562,8.97133344551548,9.28153117187321,1,1,1,1,1,0,0,1,0,0,1,0,0,1,1,0,1,1,0,0
80480.6395317088,11.5087046707049,14.0011954680085,13.1422699266113,7.91901501361281,1,0,0,0,0,1,1,0,1,1,1,1,0,0,1,0,0,1,1,1
57772.5021379095,7.58016780717298,6.3342057261616,14.4135707640089,11.4946609595791,1,1,0,1,1,1,1,0,1,1,0,1,1,0,1,1,0,0,0,1
32544.9975387511,9.78545248275623,10.5588607769459,6.73349933931604,6.79455536650494,0,1,1,0,0,0,1,1,0,1,1,1,0,1,0,1,1,0,0,1
27521.3138717951,12.6631067064591,11.0040803253651,8.54940799530596,6.70345440041274,0,0,1,0,0,1,1,0,1,0,1,1,1,1,1,0,1,0,1,0
38527.2699496216,5.84246914368123,6.32961038965732,12.0504004135728,11.689826704096,1,1,0,0,1,0,1,1,1,1,1,1,0,1,0,1,0,1,1,0
125312.097327572,13.7532133003697,10.0931233726442,14.5924091991037,8.56794105144218,0,1,1,1,0,0,1,0,1,1,0,1,0,1,1,0,1,1,1,1
60268.3245666413,8.39072937844321,8.6704990756698,9.27801409969106,8.5013035312295,0,1,1,1,0,1,1,1,1,0,0,1,1,0,0,0,0,1,1,0
80669.7878720973,13.3944035018794,5.0330454739742,6.35915317805484,11.2350934022106,1,1,1,1,0,1,0,1,0,0,0,0,1,0,1,1,0,1,1,0
85559.7832401219,8.4668348915875,5.47979860333726,13.1374123925343,13.0021104519255,0,1,1,0,0,0,0,0,0,1,1,1,1,1,1,0,1,1,0,1
51008.6767161546,8.33774930797517,13.8204845017754,13.068449604325,7.3908422049135,1,1,0,0,0,1,1,0,1,0,1,0,1,1,1,0,0,0,1,1
82108.1651652194,9.76351245073602,13.2351704011671,14.0811035479419,13.2970909611322,1,1,1,0,0,1,0,0,1,1,1,1,1,1,1,0,1,0,0,0
82953.1442300511,13.9219833584502,9.13030900992453,12.0360188698396,11.662081440445,1,0,0,0,0,1,1,0,1,1,0,1,0,1,1,0,1,0,0,1
120539.355729708,13.6433947063051,14.2173321801238,9.58796519786119,8.40671270852908,1,1,1,1,1,0,0,1,1,1,1,0,1,1,1,1,0,0,0,1
25290.8044915318,8.89989543473348,9.77402933407575,5.81624413374811,7.32583551900461,0,1,0,0,1,1,0,1,1,1,1,0,1,1,1,1,0,0,1,1
73789.2508204482,12.7732069883496,9.74994423566386,12.3074397211894,10.401486735791,1,0,0,1,0,0,0,1,1,1,1,1,1,0,0,1,1,0,1,0
67902.5919331982,14.6061799721792,11.5783606702462,14.3268151534721,10.1067478233017,1,0,1,0,0,0,1,0,1,1,0,1,0,1,1,0,0,1,0,1
14703.5610961515,9.34659484773874,6.63320453837514,5.35948292119429,13.2141099940054,0,0,0,0,0,1,0,1,1,1,1,1,1,1,1,1,1,1,1,0
56624.0315054966,12.125146787148,5.95194371184334,6.07039442518726,12.1397117315792,1,1,1,0,1,1,0,0,0,1,0,1,1,1,0,0,1,1,0,0
49335.2240054419,8.99994368897751,13.6151479231194,8.96388927707449,14.27799327299,1,1,1,0,0,0,0,0,1,1,0,0,1,1,1,1,0,1,1,0
14243.4377205614,8.25352151878178,7.39879169734195,6.52283743256703,5.96104125957936,1,1,0,0,1,0,1,1,1,0,1,0,0,1,1,1,0,0,0,1
52539.3398713116,12.5708714802749,10.5540413199924,6.13112227525562,8.45741792349145,0,0,1,0,1,0,1,1,0,0,1,0,1,0,1,0,1,1,1,0
8597.57922066801,7.02692255144939,13.4940659510903,7.86152201937512,12.2321443120018,1,0,1,0,1,0,0,1,1,1,1,1,0,0,1,1,0,0,1,0
102695.665391267,12.1112122246996,8.49647580645978,10.8100972184911,8.14518101513386,0,1,1,0,1,1,1,1,1,0,0,1,1,1,0,0,1,0,1,1
21012.9677524968,6.21691921027377,14.7573859523982,6.4162838482298,13.5405275481753,0,1,1,0,1,1,1,0,0,0,1,0,1,1,1,0,1,1,1,1
36214.5918808555,7.45488513959572,13.6940553016029,9.944173397962,8.75918090576306,1,1,0,1,1,0,0,0,1,0,1,0,0,1,1,1,1,1,1,1
15311.8276354289,6.4330437942408,12.5412405095994,8.60284397145733,9.09277682425454,0,0,1,1,1,1,1,1,1,1,0,1,1,1,1,1,1,0,1,0
56839.2504377035,7.39629415096715,7.23673420026898,9.07026430824772,13.8686131522991,1,1,0,0,1,1,0,1,0,0,0,1,0,0,0,1,0,0,1,1
24732.5755587785,5.58934377273545,12.69816465443,7.81181986443698,7.11456225486472,0,1,1,1,1,0,0,0,0,0,0,1,1,0,0,0,1,1,0,0
55811.8172867245,11.4228825853206,13.7471358431503,9.25313429441303,7.25730771431699,0,0,1,1,1,1,0,1,1,1,0,0,1,1,1,1,0,0,0,1
32861.4901821436,13.7626921269111,5.43793108081445,9.63501589838415,7.97417617635801,0,1,1,0,1,0,1,0,0,1,1,1,0,1,0,0,1,0,1,1
74657.5363121799,12.7891467744485,6.99760707095265,13.2926965458319,7.58082825224847,1,0,0,1,1,1,1,1,1,1,0,1,1,0,1,0,1,1,1,1
34933.4882406762,12.9730882588774,13.5374235827476,8.59094252577052,12.0368310553022,1,0,1,0,0,0,1,1,1,1,1,1,1,0,1,1,1,0,1,0
92559.6203817289,9.55274453619495,11.5225412836298,9.38799045747146,8.99653353029862,1,1,1,1,1,0,0,0,1,0,0,0,1,1,1,1,1,1,1,1
47178.6136205073,9.10084082046524,13.6933201923966,5.07259715115651,7.85388074116781,1,1,1,1,0,1,0,0,1,0,1,0,0,1,1,0,0,1,0,1
102665.878035185,13.1087024277076,13.1363658746704,14.6814791066572,5.97424098988995,1,0,1,1,1,1,0,1,1,1,1,1,1,1,1,1,1,0,1,1
32335.9092232982,11.0493329027668,8.6144763790071,8.37498082546517,5.08888586657122,0,1,1,1,1,0,1,0,1,0,1,0,1,1,1,1,0,0,1,1
63395.3447758588,11.5472392807715,5.9089584602043,5.28444199124351,8.35543330293149,0,1,0,0,0,1,0,1,1,1,0,0,1,0,0,1,1,1,1,0
23865.9832721901,8.53197271935642,10.7465529046021,8.56542730005458,14.514056420885,0,1,1,1,1,0,0,1,0,1,0,1,1,0,0,1,1,1,1,1
48948.2466284647,7.70260145887733,11.5473041357473,11.4031455316581,8.44889228232205,1,1,1,0,0,1,1,0,0,1,1,1,0,1,1,0,1,0,1,0
55685.6376442582,14.9268406117335,13.222047763411,7.86633577663451,14.6943798731081,1,1,0,0,1,1,1,1,0,1,1,0,0,0,0,1,0,1,0,1
125674.578793775,11.3349326443858,9.55575515050441,14.8276520497166,10.2387237153016,1,0,1,0,1,0,1,1,0,1,0,1,1,0,1,1,1,1,0,1
15018.4662387132,7.13208135217428,14.843288983684,5.82301333779469,5.13034772127867,1,0,0,1,0,0,1,1,1,0,1,1,1,1,1,0,1,1,0,0
53988.166163883,6.29372348077595,12.5039837812074,6.28030818421394,12.5196232786402,0,0,1,1,0,1,1,0,0,1,0,0,1,1,0,1,1,0,0,0
68163.3239390414,9.78118034312502,6.3355568703264,7.63550981180742,5.88308024220169,1,1,0,1,1,0,0,1,0,1,1,0,1,1,1,0,0,0,1,1
38689.8186723674,14.240744698327,7.1517351269722,7.12941627483815,14.4172515161335,0,0,0,1,0,0,0,0,0,0,1,0,1,0,0,1,0,1,1,1
153403.70548427,10.9876096714288,13.4837953769602,14.4640282960609,7.46284653199837,1,1,0,1,0,1,0,0,1,1,0,0,1,1,0,1,1,0,0,1
79621.7111752283,14.7617069492117,9.65341185452417,8.45473791006953,12.9140587965958,1,1,1,0,1,0,0,1,0,0,1,1,0,1,1,1,0,1,1,1
39206.9031106359,12.3179251188412,14.1576779028401,9.05422623036429,12.8881159541197,0,1,0,0,1,0,1,0,0,0,0,1,0,0,0,1,1,1,0,1
67146.9108677933,8.56726912083104,14.1655773832463,10.3654135158285,6.01816672133282,1,1,0,0,0,0,1,1,1,0,1,1,1,1,1,1,0,1,0,0
22788.255963063,9.31473690550774,13.1985458382405,7.75828687706962,12.2004414000548,0,0,1,0,0,1,0,1,1,1,1,1,0,1,1,0,0,0,1,1
62442.8905167923,6.48211560677737,10.6690115761012,9.05671408865601,14.337962877471,0,1,1,0,0,1,0,1,1,0,0,1,0,1,0,0,1,0,1,1
36460.7417011203,5.13077575480565,11.1547716124915,9.35509188333526,5.5265378439799,1,0,0,1,0,0,0,1,1,0,1,1,0,1,0,1,1,1,0,1
53551.0409315929,12.1556606609374,12.9480028990656,8.22054158896208,12.9016304132529,1,1,1,1,0,1,0,1,1,1,0,0,1,0,1,1,0,0,1,1
27422.4895309587,6.03184235747904,9.39696548506618,5.03435689257458,8.33094732835889,1,0,1,1,0,0,0,0,1,1,1,1,1,1,1,1,1,1,1,1
80140.3935153379,9.46284348610789,9.12587253144011,14.7296907380223,10.2574458974414,1,1,1,1,0,0,1,0,1,1,1,0,1,0,1,1,1,1,1,0
22297.5388590216,11.4010104513727,10.654852851294,6.12912589916959,13.4088566945866,1,1,0,1,0,0,1,1,1,1,1,1,1,1,1,1,1,1,1,1
70416.273533005,14.9183862004429,6.51647832011804,10.4857219522819,14.1053448827006,0,1,1,0,0,1,1,0,1,1,1,0,1,1,0,1,1,0,1,0
78592.5414181883,9.95593577856198,13.0746084544808,13.7229738035239,10.6871422589757,0,0,1,0,0,0,1,1,1,0,0,1,1,0,1,0,1,1,1,1
70063.3940170208,9.84349524369463,9.95641366345808,13.6259456002153,12.0605553220958,0,1,0,1,1,0,0,1,0,0,0,0,0,1,0,1,1,0,1,0
67172.2042154012,6.73442334868014,6.40509183052927,11.1054369970225,11.2985568773001,1,1,0,1,1,0,1,0,1,0,1,0,1,1,0,1,0,0,1,1
55083.3256576972,12.5482094450854,6.10289279138669,5.01478096004575,9.38779226504266,0,1,1,0,1,1,1,1,1,1,1,0,1,0,1,0,1,0,1,0
47414.3955072364,9.53895489219576,6.10791063401848,8.24025955284014,13.3931741584092,1,0,1,0,0,1,1,1,0,0,0,1,0,0,0,1,1,0,1,1
88785.0395867299,10.1116978377104,5.04714279435575,13.7044328055345,7.80171647900715,1,0,0,0,0,1,0,1,1,0,0,0,0,1,1,1,1,1,1,1
24901.2048139872,7.07545113284141,7.38404355244711,10.0683445879258,14.5294192130677,1,1,1,0,0,1,1,1,1,1,0,0,1,0,1,1,0,0,1,1
94730.1054261721,7.28658142732456,13.7882287916727,14.0523995086551,13.1234979419969,1,1,1,1,0,1,1,1,1,1,1,0,1,1,1,0,1,0,1,1
74683.0552153715,10.9571199631318,5.77218657359481,14.8631476494484,9.34618528233841,0,1,1,0,1,1,1,1,0,1,1,0,1,1,1,1,0,1,0,0
19418.9757424468,10.7487219828181,6.38538560131565,8.14687065547332,5.13512481004,0,1,1,1,1,1,1,1,1,0,1,1,0,1,1,0,1,1,1,1
19755.2416271142,5.77064380282536,5.47524574911222,5.12836307520047,14.7792914090678,1,0,1,1,0,1,1,1,0,1,0,0,0,0,1,1,1,1,1,1
16361.1043062654,5.35540579585359,5.33918873406947,9.11044480744749,9.38454699702561,0,1,1,1,1,0,0,0,1,1,1,1,0,1,1,0,1,0,1,0
74822.958361606,11.4279549219646,14.1608901834115,12.7408092585392,6.60547960316762,1,1,0,1,0,0,1,0,0,1,1,1,1,1,1,0,1,0,0,0
103580.99469851,14.2861519963481,13.4020039392635,14.5231883786619,6.29847263917327,1,0,1,1,1,1,1,1,0,1,1,1,1,1,1,1,1,1,0,0
67360.5122942145,10.9809242235497,6.788714164868,12.2636577463709,5.63807057682425,0,0,0,0,0,1,1,0,0,0,1,1,0,0,1,1,0,1,1,0
32720.4221020595,10.6090074800886,9.95267945108935,10.1643915916793,5.21685625659302,0,1,0,0,0,1,0,1,1,1,1,0,0,0,1,1,1,0,0,0
75516.064460738,10.2602772391401,8.06958527071401,12.3395483056083,7.61349760228768,0,1,0,0,0,0,1,0,0,1,1,1,1,1,1,1,1,0,1,1
98807.9571354519,14.8509522387758,7.74376961868256,13.5040566371754,10.8808709331788,0,0,1,1,0,0,1,0,1,1,0,0,0,1,1,1,1,1,1,1
110287.077090199,10.0764182233252,6.28243855433539,13.1838621618226,7.09609391633421,0,1,0,1,0,1,1,0,0,1,0,1,0,1,1,1,0,0,1,0
44627.9187317727,11.8278807867318,9.29381913272664,12.2161400644109,9.49112818110734,0,1,0,1,1,0,1,0,0,1,1,1,0,0,1,0,1,1,1,1
69165.107510182,11.0154121764936,11.9594496372156,9.41471767378971,8.32787071354687,1,0,1,0,0,1,1,1,1,0,1,1,0,0,0,1,1,1,1,1
78076.3817402719,7.38868677755818,8.35060718469322,9.37110368395224,5.21482753567398,0,1,0,1,1,1,1,1,0,0,0,1,1,1,1,1,1,1,0,1
61134.4401672162,7.58165926672518,12.0124643342569,13.3593526505865,9.03448960278183,1,0,1,1,1,1,0,1,0,0,1,0,1,0,1,0,1,1,1,1
65525.6555081571,12.293096233625,13.4053491475061,8.85110654402524,8.89861945761368,1,1,0,0,1,1,1,0,0,1,0,0,0,0,0,1,0,1,1,1
55114.6255644105,9.52570831403136,13.8263200665824,11.7441543261521,5.81670051207766,1,0,1,1,1,0,0,0,1,0,0,1,1,1,1,0,1,1,1,1
19518.9981501585,6.75126768415794,12.6658935006708,5.77818545978516,11.6298759845085,0,1,1,1,0,0,0,0,0,0,1,1,0,0,1,0,1,0,1,1
87880.9544319297,12.4669826962054,8.22027627611533,13.2897671451792,7.54264225019142,1,1,1,1,0,0,1,0,1,1,0,1,0,0,1,1,1,1,1,1
28202.6814248481,6.04987640399486,5.42117007775232,5.1624547294341,12.3985061608255,0,1,0,1,1,0,1,0,1,1,1,0,0,1,1,0,1,1,0,1
34494.3034380515,13.6454494902864,13.927099222783,6.12693230854347,14.9535473529249,0,1,1,0,1,1,1,1,1,0,0,0,0,1,1,1,1,0,1,0
48912.1251458783,11.1464497167617,11.3810514518991,9.91024512797594,11.1576675111428,1,1,0,0,0,1,1,1,0,0,0,1,1,0,0,0,0,1,0,0
39701.5540111019,10.5715953884646,10.5449311621487,11.8298705271445,12.3816550080664,1,0,0,0,1,1,1,0,0,1,0,1,1,0,1,1,1,0,1,0
68175.8861464689,8.28777319053188,12.6632994809188,11.0633175936528,12.6397320232354,1,1,1,1,0,0,0,1,1,1,1,1,0,0,1,1,1,0,1,1
70637.2548800799,9.53131445450708,5.96861294470727,13.972596579697,9.05474212253466,1,1,0,0,0,0,1,1,0,1,1,0,1,0,0,1,0,0,1,1
24783.9175010833,10.0044097262435,12.480164875742,8.07492890860885,10.7632655068301,1,0,1,1,0,1,1,1,0,1,1,1,1,1,1,1,1,1,1,0
61056.2456307618,6.80866361130029,13.7521798769012,10.4246555478312,14.8403736623004,0,0,0,0,1,0,0,1,1,1,0,1,1,1,1,0,1,0,1,1
69925.0560487648,10.2963060280308,5.0766859552823,12.3591676959768,11.4335444336757,1,0,1,1,1,1,0,1,0,1,1,1,0,1,0,0,0,1,1,0
26660.9669944015,5.75275745708495,14.3491698545404,6.56152101000771,13.4853509254754,0,1,0,1,1,1,1,0,1,0,0,0,0,1,0,1,1,0,1,0
67977.4403526156,7.77755932649598,9.06965658068657,11.8245154083706,9.54857147531584,1,1,1,1,1,0,0,0,1,1,0,0,1,0,1,0,0,0,1,1
45224.1561027095,7.12699519237503,12.8876338968985,13.807794903405,13.7212079484016,1,1,1,1,1,1,1,0,0,0,0,0,0,0,0,0,0,0,0,1
26623.9221264759,7.84790480975062,14.7612762451172,8.66680132923648,6.49962643394247,1,1,1,1,0,0,0,0,1,1,0,1,1,1,0,1,1,1,0,1
62059.8545123897,13.9509410294704,8.3340254588984,5.33014413202181,9.95767050189897,1,1,0,1,0,0,0,1,0,1,0,1,0,0,1,1,1,0,1,0
71830.7077056109,9.462353233248,12.8721482097171,10.1978005305864,10.9970791661181,0,1,0,0,0,0,1,1,1,0,1,1,1,0,0,0,1,1,0,0
75216.8804330549,12.7998488978483,5.89360916055739,6.12714397488162,10.4314035805874,1,1,1,0,0,0,1,0,1,1,0,0,1,1,1,1,0,0,0,1
142713.809688281,13.806190348696,5.4369990201667,14.0238527813926,13.2187792193145,0,1,1,1,0,0,0,0,1,1,0,1,0,1,1,0,1,1,1,1
32635.0681168878,9.13124209502712,10.1493373815902,7.19971668673679,13.6563297570683,0,1,1,1,0,1,1,1,0,1,0,1,0,1,0,0,0,1,1,0
21098.4760946991,5.63808480510488,5.48089327523485,11.2347650132142,14.8854511859827,1,0,0,1,1,1,0,1,1,0,1,1,1,1,1,1,1,1,0,1
26264.5493120802,8.35487491684034,5.89196127606556,8.63139717373997,6.83868825435638,0,1,1,1,0,0,1,0,1,1,1,0,0,0,0,1,1,1,1,0
100805.783429226,12.2372594662011,11.8832552153617,12.8859985433519,8.29447725787759,1,1,0,1,1,0,0,0,1,1,1,1,1,1,1,1,1,1,0,1
79193.7668139509,8.37615333497524,5.34838533727452,14.5363927469589,8.80547871580347,1,1,1,0,0,0,1,1,1,1,0,1,0,1,0,1,0,1,1,1
99161.9198002132,11.3041412248276,9.30910924449563,11.8653729581274,10.0468827295117,1,0,0,0,0,0,0,1,1,1,1,0,0,0,1,1,0,0,1,1
72014.818013616,13.4061455400661,12.5929405121133,5.10991663904861,10.9111602581106,1,1,0,1,0,1,1,0,0,1,1,0,1,1,0,0,1,0,1,0
55277.687246063,13.5613166471012,13.3179695461877,14.577867933549,5.16710326541215,1,1,0,0,1,1,0,0,0,1,1,0,1,0,1,1,0,0,0,1
44084.4337828954,8.9135928102769,8.82462516892701,9.9810330895707,9.07721091760322,1,1,0,0,0,0,1,0,1,1,0,1,1,1,0,1,0,1,0,1
37818.7705662888,8.80493885604665,11.1555481888354,10.407934517134,7.14146937709302,1,1,1,1,0,1,0,1,1,1,1,1,1,1,0,1,0,0,1,1
44556.302296379,13.9544542599469,8.44986650394276,5.59833055594936,10.8896878012456,0,0,0,0,1,0,1,0,1,1,0,1,1,0,1,1,0,0,0,1
22342.7665927122,11.4431576291099,10.3227877407335,6.61126879742369,14.0126932435669,1,1,1,1,0,0,1,0,1,1,0,1,1,0,1,0,1,0,0,1
105502.043457864,12.4107864871621,7.60009106947109,12.5799369881861,14.3949473579414,0,0,0,0,0,0,1,1,0,0,0,1,0,0,1,1,1,0,1,1
60308.2810893964,11.0530344652943,10.7286062231287,8.22599776089191,8.99617788381875,1,1,1,1,1,0,1,1,0,1,0,1,1,0,0,1,0,1,1,0
96642.7354257342,14.0308161149733,14.0584667841904,11.1844804510474,14.6394479670562,1,1,1,1,1,1,1,1,1,0,1,0,1,1,1,0,1,1,1,0
55655.5297654514,7.93730155099183,10.6602187850513,10.9392817923799,12.1528315590695,0,1,0,1,0,1,1,1,0,0,1,1,1,1,1,0,1,1,1,0
2953.64148127789,6.9126010988839,5.56486817775294,5.48124833730981,6.91367875086144,1,0,0,0,0,1,1,1,0,1,1,1,0,1,1,0,1,1,1,0
64498.028900335,13.8645094330423,6.02113745408133,8.9381199865602,12.4775773612782,1,0,1,1,1,0,0,1,0,1,0,0,1,0,1,1,0,1,0,0
63632.4895957196,10.0333948573098,8.28341855900362,8.11598118860275,10.2643367974088,1,0,1,0,1,1,1,1,0,0,1,1,1,1,0,0,1,0,0,1
35884.9161125128,13.7705754302442,14.9060050724074,9.32680421741679,6.71151598682627,0,1,1,0,1,0,1,1,0,1,1,1,1,1,0,0,1,0,1,0
37314.4859913322,6.89193622441962,12.1436533937231,8.59491006471217,7.79184447368607,1,0,0,0,1,0,0,0,0,1,0,0,0,0,1,1,0,1,1,1
54488.9083902344,12.5810305238701,5.78974183881655,12.4693284276873,10.061868140474,1,1,1,1,0,1,0,0,0,0,1,0,1,1,1,0,1,1,1,1
76089.8340086025,12.2449889266863,11.1421644943766,14.5245621539652,10.3634312329814,0,0,0,1,1,1,0,0,1,0,0,1,0,1,1,1,1,1,0,1
75317.0680819253,14.4372481829487,9.93233672808856,7.19007093459368,10.9193774242885,1,1,1,1,1,1,1,1,0,0,1,1,1,1,1,1,1,0,1,1
42626.5225856052,10.4764658701606,7.69097654847428,13.2673703506589,9.32773365406319,0,0,1,0,0,0,0,0,0,0,0,0,0,1,1,1,0,1,0,1
50182.3909461073,12.1174386772327,7.93110862839967,5.27475641574711,8.77638380043209,1,0,0,1,1,0,1,1,0,1,0,0,0,0,0,0,1,1,1,0
64844.6427004795,8.88905099825934,9.75278300233185,14.4768455065787,13.1039464473724,0,1,0,0,1,1,0,1,0,0,1,1,1,1,1,1,0,1,1,0
46973.5948112557,6.00873126182705,14.6407854626887,14.7827366646379,10.815065279603,1,0,0,0,0,1,0,1,0,0,0,0,0,1,0,1,1,0,1,0
128852.579006398,14.2730208858848,9.2363210208714,13.1356647005305,10.5484514101408,0,1,0,1,1,0,1,1,0,1,1,1,1,1,0,0,1,0,0,0
23792.9325594866,7.83232500310987,13.4409709577449,11.6829518787563,7.5656011630781,1,0,0,1,0,1,1,1,0,1,0,1,1,0,1,1,1,1,0,0
59119.9191711102,10.9057315881364,14.5382735133171,7.97704186756164,11.9654316292144,0,0,1,1,0,1,0,1,1,1,1,1,1,1,1,1,0,0,1,0
57915.930644468,6.10360604943708,7.8647352475673,13.5317975259386,6.24402312096208,0,0,0,1,0,0,0,1,1,1,1,1,1,1,1,0,1,0,1,1
97723.3766788475,13.4050703211688,10.4084939789027,13.4625032055192,11.5342511422932,0,0,1,0,1,1,1,1,0,1,1,1,1,0,1,0,1,0,0,0
26836.0285148418,8.17963684443384,10.8137831790373,8.77476619090885,12.0107364444993,0,1,1,0,1,1,0,1,0,1,1,1,1,0,1,1,0,1,0,1
99054.361130287,12.8285133698955,7.56286894436926,13.6763584474102,5.56532924063504,1,0,1,0,1,0,0,1,0,1,0,1,1,1,1,1,0,0,0,1
20862.670842262,7.67508207354695,13.7808396830224,10.3729354054667,14.1832898301072,0,0,0,0,0,0,1,0,1,0,1,1,1,0,0,0,1,1,0,0
39580.3426950774,7.18645284883678,13.8230238761753,10.7753708376549,12.2195962094702,1,0,1,1,1,1,1,1,1,0,1,1,1,1,0,0,1,1,1,0
49835.1745936219,10.1679683639668,14.8733468470164,5.1565195643343,10.7206366653554,1,0,1,0,0,1,0,0,0,0,1,0,0,1,1,0,1,0,1,0
78418.8484294451,7.68950592027977,6.01620901143178,14.112624891568,10.6294308416545,1,1,0,0,1,1,1,1,1,1,1,1,0,1,1,0,1,0,0,1
45728.1353740934,6.81168327340856,11.1877500219271,11.3982574990951,9.72374809905887,0,0,1,1,0,1,1,0,0,1,0,1,0,1,1,1,1,1,0,0
51921.2257433533,10.1857613748871,12.0473376987502,10.5404893192463,7.98696223413572,0,1,1,1,1,1,0,1,1,1,1,0,1,1,0,1,1,1,0,0
61988.0880840189,10.6278293579817,6.48588430834934,11.8005936243571,8.84201156441122,1,1,1,1,0,0,1,1,0,0,0,0,0,1,1,0,1,1,1,0
55487.023925665,6.29156854469329,13.9081059163436,14.3996182386763,5.55844880174845,1,1,1,1,1,1,1,0,0,0,0,1,1,1,1,1,1,1,1,0
28040.9074437628,7.56367604015395,6.62670300109312,6.82285688119009,14.2132350360043,1,0,1,1,1,0,0,0,0,0,1,0,0,0,0,0,1,0,1,1
93081.3912680993,12.1793527598493,6.21866469504312,9.44765886291862,7.04579910030589,1,1,0,1,0,1,0,0,1,0,1,1,1,1,1,1,0,0,0,0
78211.7841398933,14.6140993642621,14.7755685728043,7.98281367635354,13.6433344404213,1,1,0,1,1,1,0,1,0,1,1,1,1,0,1,0,1,0,1,1
59241.6930610183,6.00140846567228,11.271102654282,9.51972152572125,6.53125872835517,1,1,0,0,1,1,1,1,1,1,1,1,1,0,1,1,0,1,1,1
96569.1774175068,12.6322268950753,5.19199430011213,14.1045734705403,14.1990178800188,0,1,1,0,0,0,0,1,1,1,0,1,1,0,1,1,1,0,0,0
93256.5733412923,14.4796635466628,13.2916414458305,12.7405811613426,13.8705611787736,1,1,0,0,1,1,0,0,1,0,0,0,0,0,1,0,0,0,0,1
97709.4026884151,13.1863468838856,14.98877475271,11.8062029290013,12.3340119747445,1,0,1,1,1,1,1,0,1,0,1,0,1,1,1,1,1,1,0,0
65324.364214543,8.08292330708355,13.6809551622719,11.2978654447943,12.7312734443694,0,0,0,0,0,1,1,0,1,1,1,1,1,0,0,1,0,1,1,1
58919.4940254573,11.4957946049981,8.9691107487306,9.00093509349972,11.079357478302,0,0,0,1,1,0,1,0,1,0,0,0,1,0,1,1,1,1,0,1
37000.0904605927,14.5335545111448,14.362417825032,5.54539654636756,12.8444737521932,0,0,0,1,0,1,1,0,0,0,1,1,0,0,0,1,0,0,0,0
108970.078009566,14.5373265002854,8.24772896012291,11.4397479011677,11.9133774912916,1,0,0,0,1,1,1,0,0,0,1,0,1,1,0,1,1,0,0,1
36168.3926239547,8.39979203417897,14.7244756156579,7.19813041388988,10.7408172055148,0,1,1,0,0,1,1,1,0,1,1,1,1,1,0,0,1,0,1,1
21615.8267078865,7.62474110117182,10.6259845383465,5.89037283556536,11.0385630303062,1,0,1,1,1,0,0,1,0,1,1,1,1,0,1,0,1,0,1,1
21787.6700353437,6.65453933179379,10.7932903780602,6.30751208867878,8.9773424109444,0,1,0,0,1,0,0,0,0,0,1,1,0,1,1,0,0,0,1,0
38554.4998786189,8.22168056620285,13.24690353591,13.793885090854,6.1504670442082,0,0,1,1,1,1,0,1,1,0,1,0,0,1,1,1,1,1,0,1
59548.5156584016,10.1012520655058,6.98444477515295,11.520402522292,7.27263760752976,1,0,1,0,1,1,0,1,1,0,0,0,0,1,0,0,1,1,1,1
37652.950657174,14.2396847135387,11.1898963502608,5.28148058336228,14.8429273418151,0,1,1,1,1,1,1,1,1,1,1,1,1,1,0,1,1,1,0,1
44839.7247468898,10.1095969835296,7.24564614938572,6.31063067819923,8.93684571608901,1,1,1,0,0,0,0,0,1,0,0,0,1,1,1,1,0,0,0,0
9289.32720039618,7.57621260825545,5.25223730131984,6.57595142023638,6.26007337355986,1,1,1,1,1,1,0,1,0,0,1,1,0,1,0,0,1,0,1,1
38848.0879391896,5.46460886951536,12.5650512473658,9.73476128652692,14.4424485997297,1,1,1,1,1,0,0,0,1,1,0,0,0,1,1,1,1,1,1,1
93064.6899932849,9.1785625834018,11.3815694465302,12.5069788075052,13.2952900999226,1,1,0,0,0,0,0,0,0,0,1,1,0,1,0,0,0,1,1,1
115071.245896962,13.540015022736,5.57868913048878,13.402839191258,11.552186049521,0,0,1,1,0,1,1,1,0,0,0,1,1,1,0,0,1,1,1,1
78701.5937977446,8.47230677725747,11.7379781324416,13.7540556094609,6.08243399066851,0,1,1,1,1,1,1,0,0,1,1,0,1,1,0,0,1,1,0,1
29788.2974924358,6.31442320533097,11.915447707288,5.11068756692111,9.2692486057058,0,0,1,1,1,0,1,1,0,1,1,1,1,0,0,0,1,1,1,1
35976.4432241992,8.74486864544451,12.4522895971313,5.41569180553779,6.85702051967382,1,1,0,0,1,0,1,1,0,0,1,1,1,0,0,0,1,1,1,1
44602.5224070081,11.3142022839747,6.24061870621517,7.11358914151788,9.25405238522217,1,1,1,0,0,1,1,1,0,0,1,0,0,0,0,1,1,1,0,0
40716.710513625,8.90078933676705,6.5117178671062,12.261828512419,7.39189860643819,1,0,0,0,0,1,1,0,1,1,1,0,1,1,1,1,0,1,1,1
85893.6677350329,11.8962784879841,6.77430625306442,12.9411904490553,9.85533623723313,0,1,1,1,1,1,1,1,0,0,0,1,0,1,0,0,1,1,1,0
48763.5743617589,11.894134124741,5.08869467768818,11.3369296607561,6.15525273373351,1,0,1,0,1,0,0,0,1,0,1,1,1,1,0,0,1,1,1,0
43857.2722449188,10.5490062315948,11.3378864317201,6.49760518921539,14.0630847355351,1,1,1,1,1,1,1,0,1,0,0,1,1,0,0,1,0,1,0,1
63531.1218006393,9.29624407785013,8.72750885086134,9.85927834641188,9.72060879925266,0,1,1,0,0,1,1,0,0,1,1,1,0,1,1,0,1,1,1,0
94216.8991255475,9.52720062807202,7.77720049023628,12.4894312792458,8.55467249173671,1,1,1,1,1,0,1,1,1,1,0,0,1,0,0,1,0,0,1,1
21976.1957898629,8.06443258887157,6.72508500749245,7.656033502426,6.97876819176599,0,1,1,1,1,0,0,0,1,0,0,1,1,1,0,1,1,1,1,1
70556.5643709685,10.7835394400172,7.03711141366512,12.5867810845375,7.22389834234491,1,1,1,1,1,1,1,1,0,0,1,0,1,0,0,1,0,1,0,1
88252.1524739007,14.1037030424923,7.21870881738141,6.96006852202117,10.6232373323292,1,1,0,1,1,1,0,0,1,1,1,0,0,1,1,1,0,1,1,0
31640.9448693315,6.42604082124308,7.53431504592299,8.77432000823319,10.8369737188332,0,1,0,0,0,1,1,1,1,0,0,1,0,0,0,1,1,1,1,0
26962.4148413561,9.15047625312582,6.70097689377144,10.6031892006285,14.7817389550619,0,1,1,1,1,1,1,1,1,1,0,1,0,1,1,0,1,0,0,0
25811.8729770653,7.10925750667229,14.2167676403187,9.52641472686082,11.5108035202138,1,0,0,0,0,1,1,1,1,1,1,0,1,0,1,1,1,0,0,1
97874.8297493331,9.28750370861962,8.45313458470628,13.861630873289,12.6961897942238,1,1,1,1,1,1,1,1,1,1,1,0,0,1,0,1,0,1,1,1
26078.5231019624,6.32689975202084,5.85109209176153,10.8878663112409,13.2948689069599,0,1,1,0,0,0,0,1,1,0,1,1,1,1,1,1,1,1,0,1
42906.9307074822,9.60096445865929,8.77817805157974,5.68299278616905,5.45362164266407,1,1,1,0,1,1,0,0,1,1,1,0,1,1,1,0,1,1,0,0
59127.9633318112,14.4295705924742,10.4334351955913,6.30542241036892,7.23780141212046,0,1,0,0,0,0,1,0,1,1,1,0,1,1,0,1,0,0,1,1
36754.2255016833,12.6197386160493,12.8701092605479,6.46773063344881,11.8357402971014,0,1,1,0,0,0,1,1,0,0,1,0,1,1,1,1,1,0,0,0
58491.0987569021,14.3290982884355,8.20313527714461,13.6031669517979,11.7094626207836,1,0,0,0,1,1,1,1,1,1,1,1,1,0,0,1,0,1,1,1
72722.8179418633,9.70678497571498,13.3803851832636,14.492760153953,10.2976633771323,1,1,1,0,1,0,1,0,1,1,0,1,0,0,1,1,0,1,0,1
102449.489387899,11.0358806769364,14.9847048521042,13.9644329552539,9.5085593406111,0,1,0,1,1,1,0,1,1,0,0,0,1,1,1,0,0,1,0,0
29055.1355491173,9.84989680582657,7.13442992419004,6.13651731051505,14.7395755164325,0,1,0,1,0,1,0,1,0,1,0,0,1,0,1,1,0,0,0,1
41324.4749796625,6.0880631650798,9.37296491349116,12.9338595201261,7.39383584586903,0,1,1,1,0,1,0,1,1,0,1,1,1,0,1,0,1,0,1,0
15548.0196216043,7.47726832982153,8.78729996271431,5.04317772109061,11.9327233941294,0,1,0,1,0,1,1,0,1,0,1,0,0,1,1,1,0,0,0,0
51729.6287713539,9.98514530714601,14.6557670854963,11.9813990965486,6.38164390577003,0,1,1,1,0,1,1,0,1,0,1,1,1,1,0,1,0,0,0,1
46197.0551361711,8.72866708086804,11.4111650222912,10.0696648471057,8.98025351343676,0,1,1,1,1,1,1,0,1,0,0,0,1,0,0,1,0,1,1,0
84442.5590116205,14.3469137023203,13.0613533384167,7.69444103119895,5.7655935944058,0,1,1,0,0,1,0,1,1,1,0,0,1,0,0,0,1,1,1,1
56985.6032470733,10.2398607786745,14.190621888265,11.3464980851859,6.03389583062381,0,0,1,1,1,1,1,1,0,0,1,1,1,1,0,0,1,1,0,1
44611.3213803545,8.17144671687856,5.58622448006645,14.9765660241246,9.98461061390117,0,0,0,1,1,1,1,1,1,1,1,1,0,1,1,1,0,1,0,0
30356.5080443275,7.77966029476374,9.77642855606973,10.0507434387691,10.1865955512039,1,1,1,0,1,1,1,1,1,1,1,0,1,1,1,1,0,0,0,1
109363.664594656,12.8754050773568,11.9688278832473,14.3323299963959,7.40543052786961,0,1,1,1,0,0,0,1,0,1,0,1,1,0,1,0,0,0,1,1
44525.3905413674,12.0246251253411,5.44671509414911,6.91208887146786,13.8297105766833,0,1,1,0,1,0,1,1,1,0,1,0,1,1,0,1,1,1,0,1
40113.3806822304,6.65027638664469,12.5685431691818,9.84762544510886,8.84983956813812,1,1,0,1,0,1,0,0,1,0,1,1,0,1,0,1,1,1,1,1
53032.5733025308,5.64457538770512,10.9167372481897,11.341256480664,6.85652608284727,1,1,0,0,1,0,1,1,1,1,1,0,0,0,0,1,1,0,1,1
35090.231581213,12.5470562162809,10.1014046301134,7.02303132042289,8.09922663727775,1,0,1,0,0,1,1,1,0,1,0,0,0,0,0,0,0,1,1,0
60023.7296038528,11.2041003303602,9.52601766446605,9.29601910756901,7.22049046540633,0,1,1,0,0,0,1,1,0,0,1,1,1,1,1,1,0,1,1,0
44996.5845413628,6.69576766667888,5.2548196609132,11.7068845382892,14.8060106788762,1,0,1,1,0,1,1,0,1,1,0,0,0,1,0,1,1,1,1,1
45756.9496865857,5.62214052304626,14.6184360934421,13.2158786198124,13.375712800771,1,1,0,0,0,1,1,1,0,0,1,0,0,0,1,0,1,0,1,1
48798.827033085,6.09029268613085,14.8762743966654,8.58691193396226,14.5146028511226,1,1,0,1,0,1,1,1,0,1,1,1,1,0,1,1,0,0,1,1
42767.7180152801,8.81716351723298,11.3435955811292,11.1827155598439,13.2036889437586,1,0,1,0,1,1,0,1,1,0,0,1,1,0,1,0,0,0,0,1
19025.9088322334,6.69310914585367,9.25541346892715,8.47069602226838,7.42519439430907,1,0,0,1,1,1,1,0,1,1,0,1,1,0,1,1,1,1,0,1
70745.5703428424,7.98652542056516,7.66625905176625,12.5596656510606,8.86082305340096,0,1,1,1,0,0,1,1,1,1,1,0,1,0,1,0,0,1,0,1
44421.9405462954,6.92209535045549,5.80569487996399,10.6542690470815,14.8171405517496,0,1,0,0,1,1,0,1,1,1,0,1,0,1,1,1,1,0,1,0
43910.3405485736,7.57170021301135,8.30141563434154,11.2758803297766,8.12948227394372,0,1,0,0,0,0,0,0,1,1,1,1,1,1,0,1,1,1,1,1
22856.4142466895,6.81231822818518,13.9405010291375,8.92214556923136,6.47057286463678,0,0,1,0,1,1,0,0,1,1,1,1,1,1,1,0,0,1,1,0
32925.6729076313,9.77313709678128,8.06675198487937,11.5838188841008,8.92875352641568,1,0,1,0,0,1,1,1,1,0,1,1,1,1,0,1,1,1,1,0
79288.049840744,12.7073704288341,9.0242384118028,11.8310624733567,13.9252885221504,1,1,1,1,1,1,1,1,0,0,1,0,0,1,1,0,1,0,0,0
68033.782788221,5.27787122409791,10.7379139750265,12.7632555551827,13.656838091556,1,0,1,1,1,0,1,1,1,1,1,0,0,1,0,1,1,1,1,1
92510.2853512515,10.2731077698991,10.9698838437907,12.6765642268583,11.2201565341093,1,1,1,0,1,1,1,1,1,0,1,1,0,1,1,0,0,0,1,0
36804.9554862326,13.8031906890683,10.7001713756472,5.11093436041847,10.2337390347384,1,0,0,1,0,1,0,1,0,1,1,1,1,1,1,1,1,0,0,1
38773.5082351986,8.73063371982425,7.18071287963539,7.30813289992511,7.63581331120804,1,0,0,0,1,1,0,0,1,0,0,1,0,1,1,0,0,1,1,0
43278.3571514232,5.47959131654352,13.2012674445286,11.9771443726495,11.0204975283705,1,1,1,0,1,1,1,1,0,0,0,1,0,1,1,1,0,0,1,0
37891.2987097852,6.38628246728331,5.36655780859292,14.0394879016094,6.93618548801169,1,0,0,0,1,1,0,1,1,1,1,1,0,0,1,1,1,0,1,0
36332.7061169698,8.21492120390758,11.2558281491511,5.88952073827386,14.4859761348926,0,0,0,1,1,0,1,1,1,1,1,1,0,1,1,0,1,0,0,0
62452.0812257871,6.54831611318514,9.33478938182816,11.6270021651872,13.3128287037835,0,1,0,0,1,1,0,0,0,0,0,0,1,0,0,0,1,0,0,1
37247.7631945624,6.32228172151372,8.5692613851279,11.4175726054236,13.0767722171731,0,1,0,1,1,0,1,0,0,1,1,0,0,0,0,1,1,0,0,0
71013.2822505256,7.21305927727371,12.7366764005274,14.338846874889,13.3214144641533,1,0,0,1,1,1,1,0,1,1,0,1,1,1,1,1,0,0,0,1
43491.7837290424,7.26380796171725,6.73452047863975,14.0570346661843,13.8820634642616,0,1,0,1,1,0,1,1,1,0,1,0,1,0,1,0,1,0,0,1
44344.3419801057,6.3141653384082,9.93208973202854,5.28259973740205,6.70448687626049,1,1,1,1,1,1,0,1,1,0,1,1,0,1,1,1,1,0,0,0
88456.7156937448,14.8156346031465,12.3718890850432,8.26966211665422,14.5731987361796,1,0,0,0,0,1,0,1,1,1,1,1,1,0,1,1,0,1,1,1
78587.9798678069,8.27013726811856,10.1100102276541,13.663508722093,12.882860226091,1,1,0,1,1,1,1,0,0,1,1,0,0,0,0,1,1,0,0,1
34100.5135923466,10.0693949707784,9.75086916005239,7.09497950971127,8.7722488027066,0,1,1,0,0,1,0,1,0,1,1,1,1,1,0,1,1,1,0,1
47761.054127268,11.8144251476042,10.8789994055405,9.89857292966917,12.8899573511444,0,0,0,1,0,0,1,1,1,0,1,0,0,1,1,0,1,0,1,1
32636.7140671126,5.99169103195891,10.7253737933934,9.65626492165029,9.59305037744343,0,0,1,0,1,1,0,1,1,1,1,0,1,0,1,1,0,1,1,1
20116.9035725894,6.18902558228001,11.5491774072871,10.3206355520524,7.20334408106282,0,0,0,1,1,0,0,0,1,1,1,1,1,0,1,1,0,0,1,0
67273.972147588,5.50439659506083,13.6512555577792,14.4356501707807,10.6639541778713,1,0,0,1,1,1,0,0,0,1,1,1,1,0,1,1,0,1,0,1
48432.518920626,14.2925391974859,8.96846375893801,10.3625835804269,5.15417312271893,1,0,1,0,0,0,0,1,1,0,0,1,0,1,1,1,1,0,1,1
74111.7130595253,11.7371223284863,14.6011615567841,10.4024756886065,11.7602338129655,1,0,1,1,1,1,1,1,1,0,1,1,1,0,1,0,1,1,0,0
27338.511026651,5.94857855467126,8.80877255229279,11.3881783653051,9.40792287932709,0,1,0,1,0,1,0,0,0,0,0,1,0,1,1,1,0,1,1,0
93615.2213589193,9.92596120806411,6.70088279992342,10.5912937084213,8.0798334418796,1,0,1,0,1,1,0,0,0,1,1,1,0,1,1,1,1,1,1,0
18912.6290973426,9.61551840649918,7.31604878557846,5.61127950670198,8.49736964097247,1,0,1,1,1,1,1,1,0,1,1,1,1,1,0,1,1,1,0,0
34439.302845571,8.75216530868784,14.4992020935751,7.9238359327428,10.8976479549892,0,1,1,1,0,1,1,1,0,1,0,1,0,0,0,1,1,0,1,0
63680.3268236133,14.9109921953641,5.8350815763697,9.83624843880534,7.99161507980898,1,0,1,0,1,1,1,1,1,0,0,1,0,0,1,1,1,0,0,1
19469.8488331358,6.76350713707507,6.93044015904889,7.98862256575376,7.39276083419099,0,1,1,1,1,0,0,0,0,1,1,0,1,0,1,1,1,1,1,0
28779.9204716335,13.1343520851806,5.74695295188576,10.3375536995009,14.2861707368866,0,0,0,0,0,1,1,0,1,0,1,1,0,1,1,1,1,0,1,1
70411.6329045546,5.68446637131274,11.0501600801945,9.44380736444145,11.3813846418634,0,1,1,1,1,1,1,1,1,0,0,1,0,1,1,0,1,1,1,1
64605.5280839011,9.0044974675402,7.15842896373942,12.9267228557728,10.1421590312384,0,1,0,1,1,1,1,1,1,0,1,1,0,0,1,0,1,1,0,1
8540.62640402091,6.41144325723872,10.8798726066016,5.55983771570027,6.71769066248089,1,0,1,1,1,0,1,0,0,1,1,0,1,1,1,1,1,1,1,0
45937.9699678209,6.93309862399474,7.28897603228688,8.65029011154547,11.768527070526,1,1,0,0,1,0,0,1,1,1,1,1,1,1,1,0,1,0,1,0
107881.856911727,13.4135171677917,8.90925179235637,13.9141795155592,9.08131925389171,1,1,1,0,0,0,0,0,0,0,1,0,1,1,1,1,1,0,0,1
69124.5003938859,12.1991398837417,8.47905913367867,10.1923995860852,10.1995527348481,1,1,1,1,1,0,1,1,1,0,1,0,1,1,0,1,0,1,0,0
43197.48426645,7.67212083097547,14.1837940248661,8.68640997447073,14.1797150112689,0,0,1,1,1,1,1,1,1,1,1,0,0,1,1,1,1,0,0,1
65500.4154038165,9.95001644827425,6.12039123661816,9.17562691029161,14.3040622258559,1,1,1,1,1,1,0,1,1,1,0,0,1,0,0,1,0,1,0,1
29688.7471031678,5.8311389782466,7.54976143594831,5.22696062223986,8.65339186042547,1,1,1,1,0,0,0,1,1,0,1,1,1,1,0,0,0,1,0,0
47748.8361058356,8.53884240612388,6.86624069930986,10.904885600321,12.5048370612785,1,1,0,1,1,0,0,1,1,0,1,1,1,1,1,0,0,1,1,1
53152.0372748758,14.6920880535617,12.455435229931,9.9303546291776,7.42769369389862,1,1,1,1,1,0,1,1,1,0,0,1,0,1,1,1,0,0,0,1
58202.8499943955,11.2471418967471,14.3296878226101,6.02907110704109,12.2481675073504,1,0,0,0,0,0,1,0,1,1,1,1,1,0,1,1,0,1,0,1
32432.8997694038,11.6461824974976,9.94711893843487,9.04790387256071,12.2086512926035,0,0,1,0,0,0,0,0,1,1,0,0,0,0,1,1,1,1,1,1
58871.5222789888,8.12489656498656,11.4499368122779,5.52468776004389,5.70638843113557,1,1,1,1,1,0,1,1,1,0,1,1,0,0,0,0,1,0,0,0
42792.1573675046,9.05689612729475,6.75802586833015,5.36567336879671,5.01371759455651,1,1,0,0,0,1,0,1,1,0,0,1,1,0,1,0,0,0,0,1
60762.7336638586,14.9607737152837,11.0299464617856,7.31096146861091,11.3813499128446,1,1,1,1,1,0,1,1,1,0,0,1,0,1,0,1,0,1,1,0
114155.049511168,13.5508235637099,13.8775766594335,14.7980273026042,10.4061600193381,0,0,1,1,1,1,0,1,1,1,1,0,1,0,1,1,0,1,1,1
32010.4207646095,14.5354839600623,9.90209404379129,5.46293978812173,12.9605670087039,1,0,0,1,0,1,0,0,1,1,1,0,1,1,1,1,1,0,0,0
87409.2784755743,13.1230509234592,5.18383572576568,6.31950644310564,10.8190103783272,1,1,0,1,1,0,1,0,1,0,1,0,1,0,0,1,1,1,1,1
99264.8996068241,12.8218211582862,6.7939079226926,14.2844044556841,9.73438483197242,0,1,0,0,0,0,1,1,1,0,1,0,1,1,1,1,0,0,1,0
29099.8557934397,7.67878128914163,7.99391138367355,5.87940061232075,14.9047180684283,1,1,1,1,1,1,0,0,1,0,1,0,0,0,0,0,1,1,1,1
90505.5141202969,12.6215152954683,7.76964061195031,14.4258554046974,14.8779289261438,1,1,0,0,0,1,1,1,0,1,0,1,1,0,1,1,1,0,1,1
89534.02129992,14.8631158913486,5.61609424417838,11.7411416117102,7.87439983803779,0,1,1,0,0,0,1,1,0,1,1,1,0,1,0,1,1,1,0,1
15207.5548468501,7.93605549028143,8.5532134771347,5.03828738117591,12.1194349857979,0,0,0,1,1,1,0,1,1,1,0,1,0,0,1,0,1,0,0,0
52167.2305820962,8.99351106956601,10.7703775400296,13.49251258187,7.1121245669201,1,0,1,0,1,0,0,1,0,0,0,0,1,0,1,1,1,1,0,1
74806.5649665426,13.1213152385317,10.3503155848011,10.1559084351175,6.57649674220011,0,1,1,0,1,1,1,1,1,1,1,1,0,1,0,1,0,1,1,1
39283.7102907525,5.77151669189334,11.0427283030003,9.22349815256894,14.8885626764968,1,0,0,0,1,1,0,0,0,1,0,0,1,0,1,0,0,0,1,0
71468.4874701638,8.63696809858084,9.86148978350684,13.596117568668,13.1591552472673,1,1,0,1,1,0,0,1,1,0,0,0,1,1,1,0,0,0,1,1
52415.6756034002,9.42592467181385,6.31626568036154,10.8990880614147,11.4328124932945,1,1,1,1,1,1,0,0,1,0,0,1,0,1,1,1,0,1,0,0
24215.8748042491,6.56714132521302,14.6457004873082,5.63867842545733,10.6032871571369,1,0,1,1,1,1,1,1,0,0,1,1,1,0,1,0,1,1,0,0
24917.0716882827,10.822052701842,12.4246157635935,6.35187422623858,9.97659838059917,0,1,0,1,0,1,0,0,0,0,1,1,1,0,1,0,0,0,1,1
96460.5459366751,14.7016217885539,8.66839384660125,9.11114768125117,8.81589834345505,1,1,1,0,1,0,1,1,1,1,1,0,0,0,0,0,1,0,1,0
65043.5290884729,14.8949983343482,6.50825294898823,13.3028127579018,11.9570151367225,0,0,1,1,1,1,1,0,1,1,0,0,0,0,1,0,1,0,0,1
24293.251826328,6.76452036481351,7.26939673302695,8.87132702860981,10.2041306672618,1,0,1,0,1,1,1,1,1,1,1,1,1,1,1,0,0,1,1,1
46439.1766571595,10.4213042440824,12.4511680891737,11.2279525934719,8.27298829331994,0,1,0,0,0,1,1,0,0,0,0,1,1,0,1,1,1,1,1,1
43607.8443207,8.84303892031312,5.50592377781868,11.052724448964,11.1468706419691,0,0,1,1,0,1,1,1,0,0,0,0,1,1,1,0,0,1,1,1
59174.0255239322,11.7616405081935,10.9399329684675,10.4022703599185,6.12941488157958,0,0,0,0,0,1,1,1,0,0,0,1,1,0,1,1,0,0,1,1
30712.884308734,7.6929377974011,6.53250648407266,10.843694913201,10.9668875578791,0,0,0,0,0,1,1,1,0,1,1,1,1,0,1,1,1,0,0,1
35442.6401540947,9.69250942347571,12.6278072502464,12.7280472894199,12.7963284961879,0,1,1,1,0,1,0,0,1,1,1,1,1,1,1,1,1,1,0,1
56644.5389234104,6.71800082316622,14.9528106488287,11.9821955659427,10.329628882464,1,1,1,1,0,1,0,0,0,1,0,1,0,1,1,0,1,1,1,1
65607.6856151393,8.6918946239166,6.73998110694811,13.4109317953698,10.3546257130802,1,0,1,0,0,1,0,1,1,1,0,1,0,0,0,0,1,1,0,0
92911.1911177564,12.2540527256206,11.1913082259707,14.775121724233,9.83891405863687,0,0,1,0,1,0,0,0,1,0,0,0,0,1,0,1,0,1,1,1
49548.2790152581,9.86149104312062,10.3798317397013,7.31927045853809,9.60601850412786,0,0,1,1,1,0,1,0,1,0,0,1,1,1,1,1,0,1,0,0
61418.8043862219,5.63802466727793,13.182582622394,13.5730606736615,12.9828501446173,1,1,0,1,0,1,1,1,0,0,1,1,1,1,1,1,1,1,1,0
109874.638252407,12.8454622998834,8.21746907196939,11.8470452073961,5.94133217120543,1,1,1,0,0,1,1,1,1,1,0,1,0,0,0,1,0,0,0,1
15946.5041323424,9.18321635806933,10.8232693676837,8.00191494869068,14.5733233261853,0,1,1,0,0,1,0,1,0,0,1,0,1,0,0,0,1,0,1,0
51601.6757470216,14.8101808479987,5.709323794581,6.61221431568265,7.13127457303926,0,0,0,1,0,0,1,1,0,1,1,0,1,1,1,1,1,0,1,0
61722.1070584619,7.82883955864236,10.70644013118,12.6723437104374,9.10439887316898,0,1,0,0,0,1,1,1,0,0,1,0,1,0,1,0,0,0,1,0
119971.520050048,13.4788214950822,10.6067725061439,14.8711163341068,11.852322537452,1,1,0,0,0,0,1,0,1,1,1,1,0,1,0,1,0,1,1,1
44441.9517775634,5.82239230861887,9.34170939493924,13.5809743148275,10.4360652365722,0,0,1,1,0,1,0,1,0,0,0,1,0,0,1,1,1,1,1,1
84472.7086987058,13.8645875058137,14.6194878523238,11.7606980749406,6.70642276294529,0,0,1,0,0,0,0,1,0,0,1,1,1,0,1,0,1,1,0,0
57101.3167087152,9.71930730855092,12.1127168438397,13.1171457259916,12.0479505974799,0,0,1,1,0,0,1,0,1,1,1,1,0,0,1,0,1,0,1,1
22877.4167269579,6.09100963454694,7.58469532011077,9.85714763170108,11.9129929644987,1,1,1,1,1,1,0,0,1,1,1,0,1,1,1,0,1,1,1,1
69782.9241327135,8.33277984522283,14.2567753768526,9.60572879295796,10.307906079106,1,1,0,1,1,1,0,1,1,1,0,0,0,0,1,1,1,0,0,1
51869.761232393,13.3741656923667,9.20811663148925,8.11910333810374,13.9291003090329,1,0,0,1,1,0,1,0,1,0,1,1,1,0,1,1,1,1,1,0
23402.0355416447,7.76849841699004,13.163007455878,5.20581638906151,8.22110874578357,1,1,1,0,1,0,1,0,0,1,1,0,0,1,1,0,1,1,1,1
79183.576469667,10.8703514141962,12.5466504762881,9.12714944686741,13.2825189549476,1,1,1,0,0,0,1,0,1,0,0,0,1,0,1,1,0,0,0,0
80870.6125291562,13.3673226973042,9.12143304478377,14.7999988449737,12.7816046960652,1,1,1,1,1,1,1,1,1,0,0,0,0,1,1,1,0,1,0,1
11447.0520769981,5.7115402398631,10.1441683201119,6.35402775136754,5.91965428553522,0,0,1,0,1,0,1,1,0,1,0,0,0,0,1,0,0,1,1,1
44048.3469072016,12.0277874334715,10.4228471848182,12.3067593690939,14.5252832490951,0,0,0,1,1,0,0,0,1,1,0,1,1,1,1,1,0,0,1,1
34952.3481006127,11.9882453721948,14.7402430418879,10.2530405716971,10.5051270010881,1,0,0,0,1,1,0,0,0,0,1,1,1,0,1,1,1,0,0,1
93474.9715989425,9.6396238100715,5.73637954890728,14.6159941633232,13.1832280894741,1,0,1,0,1,0,1,0,1,0,1,1,1,1,0,1,1,1,1,0
56730.7161816531,9.36931110452861,12.6950380532071,12.2023034188896,10.0395559705794,1,1,0,1,1,1,1,1,0,1,0,0,1,0,0,0,0,0,1,1
57954.8080808296,10.6217678776011,13.7255490920506,14.1061638621613,12.0930906641297,0,0,0,0,1,0,0,1,1,1,0,1,1,1,0,0,1,0,0,1
102198.803116752,14.2848322633654,14.898655845318,8.03850163239986,13.1725722528063,1,1,1,0,1,0,1,1,1,0,1,1,1,1,0,1,1,0,0,1
64903.693822894,7.30466414242983,14.6514764404856,11.2866796413437,6.09303181990981,1,1,0,1,0,0,0,1,1,0,1,1,1,1,1,1,1,0,1,0
26442.7396913329,7.21813754411414,11.3642131863162,7.08237442653626,11.4922037092037,0,1,1,1,1,1,1,1,0,1,1,0,1,1,0,0,1,1,1,0
50388.3136387378,9.20215893303975,5.65389293944463,13.5049870284274,9.28553195670247,0,0,0,0,0,1,0,0,0,0,0,1,0,1,1,1,0,1,1,1
19240.2215236047,8.33520805696025,6.28414754988626,5.51622653380036,5.95363749423996,1,0,1,1,1,1,1,1,1,1,0,1,1,0,1,0,1,1,1,1
74306.8115967222,13.6480755032972,9.92784780450165,12.6327592344023,5.82945076981559,1,0,0,1,0,1,1,1,1,0,1,0,1,0,1,0,0,1,1,1
43903.673438331,6.77194535732269,11.6324486024678,12.1528993314132,8.67546192836016,0,0,0,0,1,1,0,1,1,1,1,1,0,0,1,0,0,1,1,0
53674.401724331,9.9331872863695,6.89378713723272,12.6775719318539,10.2459149388596,1,0,1,1,1,1,1,0,1,1,1,1,1,0,1,1,1,0,1,0
62736.222595074,9.29713366786018,6.77598393289372,11.3072845665738,13.7016859697178,0,1,1,1,0,1,1,1,0,1,0,0,1,1,1,1,1,0,0,1
87070.9144974057,10.6426384299994,6.15560325561091,13.1652353960089,6.16104880580679,0,1,1,0,0,1,0,1,0,1,0,1,0,1,1,0,0,0,1,0
44101.5984378733,11.5616231551394,6.56952400226146,9.16317786788568,13.2503624586388,0,1,1,1,1,0,1,1,0,1,0,1,0,1,1,1,1,1,1,1
91870.0718669958,14.7855406277813,13.574108495377,14.3772162706591,13.8821369083598,1,1,1,1,0,1,1,1,0,1,0,1,0,1,0,1,1,0,0,0
48264.8192723133,7.32161148451269,9.2486053169705,7.90783272590488,14.6641956060193,0,0,1,1,0,1,0,1,1,1,0,0,0,0,1,1,0,0,1,0
13534.0970448134,7.40811596158892,13.783416710794,6.14016148028895,11.6678718500771,0,1,0,1,1,1,1,0,0,1,0,1,1,0,1,0,0,0,1,1
69884.6805269775,12.9683608398773,13.2482656394131,11.0193589655682,6.63362295832485,1,1,1,0,1,0,0,1,1,0,1,0,0,0,1,1,0,0,1,1
22375.253732924,13.3167171501555,14.7881961683743,5.25367458583787,8.23950187070295,1,0,1,1,1,0,1,1,0,1,1,1,0,1,1,1,1,0,1,1
14177.0310994633,6.13507706439123,11.3454301585443,5.84533107699826,7.51191485440359,0,1,1,1,1,1,1,1,0,0,0,0,1,0,0,1,0,1,1,0
76365.5682999922,14.6331201633438,11.9152327603661,8.33610649453476,14.1270477999933,1,0,1,1,1,1,0,1,1,1,1,0,1,0,1,1,1,0,1,0
2345.03901507203,6.47322899661958,12.9218333936296,5.70408669067547,8.54079808108509,0,0,0,0,1,1,0,1,1,0,0,1,1,0,0,1,1,1,1,0
50308.8768232057,6.43626942764968,5.34170645521954,12.0507984771393,8.73679022537544,1,1,1,1,1,1,1,0,0,0,1,1,1,0,1,1,1,0,1,0
53035.1776359472,14.2522993520834,13.1999368104152,5.74199503986165,13.4021789650433,1,1,1,1,1,0,1,1,0,1,1,1,0,1,0,1,1,0,1,1
31799.2691389598,10.0703560258262,11.8763616262004,8.25013779336587,6.3424199144356,1,1,0,1,0,1,0,0,0,0,1,1,1,1,1,0,0,1,1,1
48941.350207343,6.5485101705417,9.31776891928166,8.58941920800135,10.4067861568183,1,1,1,1,1,1,1,0,0,1,1,0,0,0,1,1,1,1,1,0
57599.5473758898,8.48302052123472,7.43875786894932,8.88332616537809,10.1524574914947,1,1,1,1,0,1,1,1,1,1,1,1,1,0,0,1,0,0,0,1
88131.9563639069,11.5982102579437,5.08147703018039,12.8544337116182,14.3095531919971,1,1,1,0,0,1,0,0,0,0,1,0,1,1,0,1,0,1,0,1
64938.7064820102,8.11772374436259,9.21106143388897,11.0434823972173,12.7149482979439,1,1,1,1,1,1,1,0,0,0,0,1,1,1,0,1,1,0,1,1
62898.6757271167,8.51573409279808,12.8695690794848,12.6258975313976,12.1227688458748,1,1,0,1,0,1,1,0,1,0,1,1,1,1,1,0,1,1,1,0
36149.4825915296,6.47845706902444,10.9559212275781,7.35860442742705,5.78381161671132,1,1,1,1,1,0,0,1,1,0,1,1,1,1,0,1,0,1,0,0
20156.5010097645,11.588776090648,14.8496305872686,7.85984676796943,10.566380948294,0,1,1,1,0,1,1,0,1,0,0,0,0,1,1,0,0,1,1,0
37948.7516390265,6.85069964500144,10.2804345590994,8.17556669004261,7.04383614007384,0,1,0,0,0,1,0,0,1,0,1,0,1,1,0,1,1,0,1,0
136743.376063741,14.5437813689932,10.2327841776423,14.2190670827404,14.6635047812015,0,1,0,0,1,0,1,1,0,1,1,1,0,1,0,1,1,1,1,1
91371.8240844775,13.978484920226,12.86444804864,9.50436822371557,13.6686521908268,0,1,0,0,1,0,1,1,1,0,1,0,0,1,0,0,1,1,1,0
75237.5131668805,14.4369705440477,5.87722409283742,6.25947901280597,11.9790962617844,1,1,1,1,1,0,0,0,0,0,1,1,0,1,1,1,1,1,1,0
62529.1961804061,12.2369075124152,7.56111980648711,6.43986092181876,7.84969256725162,1,1,1,0,1,0,0,0,1,1,0,1,1,0,1,0,1,0,1,0
43059.6899052085,8.70357065927237,8.5660412022844,8.11070655006915,12.5549184530973,1,1,0,0,1,1,0,1,1,1,1,1,1,0,0,1,0,1,0,1
108476.649513892,12.8101754025556,7.4905545799993,14.752889231313,14.4575228262693,1,0,1,1,0,1,1,0,1,1,0,1,1,1,1,0,1,1,1,1
10483.9421797223,5.11149508645758,6.75018487730995,7.31763273710385,10.1117292209528,0,0,1,1,0,0,0,0,0,1,0,0,1,1,0,0,1,1,1,0
49913.5392465254,14.4030871219002,10.7292208075523,5.38202836643904,13.1976954103447,1,0,0,1,1,0,1,0,0,0,0,1,1,1,1,1,0,1,0,1
78307.6504313396,14.9374922621064,9.83393148286268,10.632569862064,9.34454224072397,0,0,1,0,1,0,1,1,1,0,1,0,1,1,1,0,0,0,0,0
64937.1883952264,8.574057451915,13.0994896916673,13.1846295855939,11.1255727801472,0,1,0,1,0,1,1,1,1,1,1,0,0,1,0,1,0,0,0,0
12533.9751885619,12.4763506348245,12.5051523395814,5.39956344757229,7.35443977173418,0,1,0,1,0,0,1,1,1,1,1,0,1,1,0,1,0,1,1,1
54342.3159924317,12.9290902381763,8.47443797625601,5.30119340401143,8.58394808135927,1,1,1,1,1,1,1,1,0,1,1,1,0,1,1,1,1,0,0,0
101677.88302376,12.0585900638252,13.0687448428944,13.8195783784613,5.99951108917594,1,1,1,1,1,0,0,1,1,0,1,1,1,1,0,0,1,1,1,0
67839.1669725798,9.75825038738549,7.5176422810182,5.96223073778674,7.05979239661247,0,1,1,1,1,1,1,1,1,1,1,1,1,1,0,1,0,1,1,0
86950.989151565,9.94654526002705,10.9296355396509,13.8629000913352,9.11826584488153,0,1,0,1,1,0,1,0,1,1,0,0,1,0,0,0,1,1,0,1
91015.0577097244,8.08052448788658,6.56215733382851,13.7995914625935,10.5206445232034,1,1,1,1,1,1,0,0,1,1,1,1,1,0,0,0,1,0,0,1
72944.1242811901,11.9501224625856,6.75159651553258,13.3587610209361,10.108972620219,1,1,1,1,0,1,1,1,1,0,1,1,0,0,1,1,1,1,1,1
95061.6214896081,13.2279330561869,7.26377300918102,10.5724372901022,10.8495262661017,0,1,0,0,1,1,1,1,1,1,0,0,1,1,0,0,1,1,1,0
69394.5440517997,9.34717640746385,12.919632520061,9.67326634097844,14.6619728533551,1,1,1,0,1,1,1,0,1,0,0,0,0,0,1,1,1,1,0,1
47329.2145410657,10.1473265280947,8.88376479735598,12.6411396893673,11.8794278404675,0,1,1,1,0,1,1,1,0,1,1,1,0,0,1,1,0,1,0,1
119805.587229007,11.6301096766256,14.1122203250416,13.7621328467503,13.8068378064781,1,0,0,0,0,0,0,1,0,0,1,1,0,0,1,1,1,1,1,0
72122.9159029535,6.43166586523876,6.218470511958,12.0195243135095,11.99070219649,0,1,1,1,1,0,0,0,1,1,1,1,1,0,1,0,0,1,0,1
51999.3898560805,8.44487393740565,14.8783515696414,11.8679866543971,8.60803777817637,1,1,1,0,1,0,1,1,1,0,1,1,1,1,0,1,0,1,1,0
58078.3244250318,9.05763582326472,12.5528792059049,11.3687040167861,13.6560969566926,0,1,0,1,1,1,0,1,1,1,0,1,1,1,0,1,0,0,1,1
22229.6461933346,5.85311005823314,8.10775833902881,13.3118250803091,13.247950791847,1,0,0,0,1,1,1,0,1,0,0,0,1,1,1,1,0,0,1,1
69477.2512842802,14.3257192824967,5.19865358015522,8.6510155024007,11.9430866697803,0,1,1,1,1,1,1,0,1,0,1,0,0,0,1,1,1,0,1,1
89843.7380725198,13.3838406670839,11.8228306132369,10.7055697869509,6.38885726220906,1,0,0,1,1,1,0,0,1,0,1,1,0,1,1,0,0,1,1,1
78907.3345768242,13.7943329615518,9.38736066687852,11.3015224202536,6.09096011845395,1,0,1,1,1,1,0,0,0,1,1,1,0,1,1,1,1,0,0,1
53608.1540295259,14.3571246764623,13.8370070536621,11.1495260032825,10.4768176050857,1,1,0,1,1,1,0,1,0,1,1,1,1,0,0,0,0,1,0,1
28413.0503938638,5.72460633469746,5.7424378558062,5.36818969761953,7.75610290002078,1,0,1,0,0,1,0,0,1,1,0,1,0,0,0,1,0,1,0,1
26727.8497535671,8.78759440500289,9.5366955595091,5.17285815672949,11.8145112483762,1,1,0,1,1,0,0,1,1,0,1,0,1,1,0,1,0,0,0,1
41502.5847737316,10.3786492277868,13.8803627062589,5.68011863855645,13.5790057620034,0,0,1,1,1,0,1,0,1,1,1,1,1,1,1,1,1,0,0,0
25633.3342316542,6.05050138663501,12.0015924167819,7.95271991519257,5.44811630388722,1,0,1,1,1,0,1,0,0,0,0,1,1,0,1,0,1,1,0,0
58134.8875953688,13.0168770556338,8.04615611210465,6.26704038120806,7.59008331922814,1,0,0,1,0,1,1,1,1,1,0,1,1,0,1,0,0,0,0,1
93662.654129809,12.396417458076,10.8489080239087,13.4471472515725,13.8350768689997,0,1,0,1,1,1,0,1,0,1,1,1,0,1,0,1,1,1,1,1
43510.609502334,5.52149013383314,13.704537700396,10.8289262908511,12.6430275314488,1,1,1,0,1,1,1,1,1,1,0,0,1,1,0,0,1,0,0,1
58028.5029602282,9.82169573195279,9.4652355927974,10.403317885939,7.45789333013818,1,1,1,1,1,1,0,1,1,0,1,0,1,0,0,1,1,0,1,0
70244.6181141854,14.2051784065552,8.3737303968519,10.6440987950191,8.6922441329807,1,0,1,0,1,1,0,1,0,1,1,1,1,1,1,1,1,0,1,0
37117.8996557994,5.41528428904712,10.6690860865638,6.11477636964992,5.35112508572638,0,0,1,0,0,1,1,1,0,1,0,0,0,0,0,1,0,1,0,0
54066.1415412667,7.93991799000651,9.15764981647953,10.0326519645751,14.0062975231558,0,1,1,1,1,1,1,1,0,0,1,1,1,1,0,1,0,0,1,0
23545.0288262504,10.008504872676,13.3266066480428,6.68936400907114,6.06989466119558,0,1,1,1,0,1,1,0,0,1,1,0,0,1,1,0,1,0,0,0
65920.9172334571,11.097489350941,6.53707588091493,8.30436418298632,9.58065315382555,1,0,0,0,0,0,1,0,1,1,0,1,1,0,0,1,1,0,1,1
22296.978343635,7.64249049592763,11.5864904318005,7.89174646837637,5.24375939741731,0,0,1,1,1,1,0,1,1,0,1,1,1,0,1,0,0,1,1,1
111506.059198327,9.23098609549925,5.01026818994433,13.718617123086,9.54258652869612,1,1,1,0,0,1,0,1,0,1,1,1,0,1,1,1,1,1,1,0
81792.8121911095,8.66563616320491,8.20450928527862,14.8307592235506,8.40156275546178,1,1,1,1,1,0,1,0,1,0,1,1,1,1,1,0,1,1,0,0
91047.5797454129,14.4250532239676,14.5013288059272,9.4973988016136,8.37498784763739,1,1,0,1,1,1,1,1,1,1,1,0,1,1,0,1,1,1,1,1
38691.4192905684,6.23723565135151,5.12552509550005,9.28737231297418,12.955423775129,1,0,1,1,1,0,1,0,0,0,1,0,0,1,1,1,0,1,0,1
18205.8080420533,5.70032679243013,5.79090765444562,7.98711734823883,6.03645497234538,1,1,0,1,1,0,1,1,1,1,1,1,1,1,1,0,1,0,1,0
72816.7582463721,14.6431703795679,7.13288370519876,7.59549331618473,7.87208333844319,1,0,0,0,0,1,0,1,0,1,1,0,1,0,0,0,0,1,1,0
98006.3933720311,9.42510108230636,14.9484325898811,12.9335058596916,10.3397963172756,1,1,0,1,1,1,1,1,0,0,0,1,0,0,1,1,1,1,0,1
25675.3444126733,8.70272380299866,9.9203958758153,5.18193165073171,6.09945632517338,0,1,0,0,0,1,1,1,0,1,1,0,1,0,1,0,1,1,0,0
32934.9950516607,6.70243580127135,11.2763411807828,5.34577911254019,10.4265091847628,0,1,0,0,1,1,1,0,0,0,0,1,0,1,0,0,1,0,0,0
7586.77228517432,5.54190429393202,5.05961335031316,5.2859402098693,8.69346757652238,0,0,0,0,0,1,1,1,1,1,1,1,0,0,0,1,0,1,0,1
80218.4225987563,11.5782806929201,7.85853998735547,10.6842501601204,14.7688761749305,1,0,0,1,1,1,1,0,1,1,1,0,0,0,0,1,1,0,0,1
99569.3841354696,10.7816191669554,14.8648041719571,13.8919350062497,10.0246326555498,1,0,1,0,1,0,1,1,1,0,1,0,1,0,1,0,0,0,0,1
98638.0665169621,14.8710176395252,12.5769232492894,10.548569613602,5.88853413704783,1,0,0,1,1,0,0,1,1,1,0,0,0,1,1,0,1,1,0,0
91345.4369160538,11.0379240149632,5.68274990888312,6.97323454776779,10.973754178267,0,0,0,1,1,0,1,0,0,1,1,0,1,1,1,1,0,1,0,1
31819.736945309,5.64949918771163,13.1076397863217,12.9243055800907,7.44340439559892,0,1,1,0,1,0,1,0,0,0,1,0,1,1,1,0,0,1,1,0
99542.3541963346,6.6210908186622,6.22871407074854,14.4751293351874,11.7276747291908,1,0,1,1,1,1,0,1,1,1,1,1,1,1,1,1,0,1,1,0
25193.9409377368,9.75397920468822,9.09918360644951,5.71240220684558,5.01195350196213,0,1,1,0,1,1,0,1,0,0,1,1,0,0,0,1,0,1,1,0
23012.9792489372,5.01932834740728,14.2754364525899,8.71038995217532,9.03221268905327,1,0,0,1,1,1,1,0,1,1,1,1,1,1,1,1,1,1,1,0
40794.1669217852,9.41459143068641,10.5420823930763,11.6976512712426,14.0566427237354,0,1,0,1,0,0,0,1,1,1,1,0,1,0,1,0,0,1,0,1
25944.7565190869,7.60929737240076,5.1426661433652,5.0999835669063,9.69537150580436,0,0,1,0,0,1,1,0,0,1,0,1,1,1,1,1,0,0,1,1
79402.4689756492,14.3841374549083,14.6736528119072,12.4989388138056,11.3862700434402,1,0,1,0,1,1,0,1,1,1,0,1,1,0,0,1,0,1,0,1
122452.313949905,12.1583328372799,12.7006553253159,14.8584624193609,13.6929176514968,1,1,0,0,0,1,0,0,0,1,0,0,1,0,1,1,1,0,0,0
31280.6333775751,6.63085478357971,5.79952413216233,7.73909657727927,12.8976390371099,1,1,1,0,0,1,1,1,1,1,0,1,0,0,0,1,1,0,1,1
48045.500130625,9.76188018452376,8.65419848356396,6.39519652351737,14.4303243397735,1,0,0,0,1,1,1,1,1,1,1,1,0,0,1,0,0,0,0,1
118764.344312818,11.9025672296993,9.80426545254886,14.7640424338169,14.5000879606232,0,1,1,0,1,0,1,1,1,1,1,1,0,1,0,0,1,1,1,1
59459.6151681769,9.60895179538056,11.7576069198549,8.06301631964743,7.03874516300857,1,1,1,1,1,1,0,1,1,0,0,0,1,1,0,1,1,1,1,1
140408.025594114,14.5514673832804,12.8644725074992,10.6942411349155,12.7644549030811,0,1,0,1,0,1,0,0,1,1,1,0,0,0,1,1,1,1,0,0
98629.4426166536,12.1254012244754,13.100580573082,10.3820752725005,11.8836161633953,1,1,1,0,0,0,0,1,0,1,0,1,0,0,1,1,1,1,1,0
82195.2414135055,8.97147933254018,5.78677503624931,14.6145927417092,12.8006512322463,1,1,1,0,1,1,1,1,1,1,0,0,1,0,0,0,0,0,1,0
57796.4760022426,6.17720612091944,6.68914441019297,9.52176122227684,10.0741071393713,1,1,1,1,1,1,1,1,0,1,1,1,1,1,1,1,0,0,1,1
27905.6890009831,7.4011627305299,5.36732794018462,8.78670980222523,8.74180050799623,1,1,1,0,1,1,1,1,1,1,0,1,0,1,1,0,1,1,1,0
32695.8462678853,13.6363056651317,7.40142308874056,5.64423084491864,14.0674067405052,1,1,1,1,1,1,1,1,1,1,1,1,1,0,0,0,1,0,1,1
56796.6187956961,9.35976401669905,14.1219518193975,11.7102567339316,13.5309771168977,1,0,1,1,1,0,1,1,1,1,1,0,0,0,1,1,1,1,0,0
22866.2912006868,9.97868051985279,5.01363479765132,5.65447105793282,13.2387418672442,0,1,1,1,0,1,0,0,1,1,0,1,1,0,1,1,0,1,0,1
73503.696785286,11.9192767213099,7.27300448110327,7.01968907378614,6.9978634826839,1,1,0,1,1,0,1,1,1,1,1,0,1,0,0,1,1,0,1,1
108922.817346992,12.6031328178942,6.68262931751087,14.1858324501663,13.5908469627611,1,1,1,1,1,1,0,0,0,1,0,0,1,0,1,1,1,1,0,1
63056.023284127,6.55401222640648,6.49762514978647,14.5688528008759,10.2053597662598,1,1,1,0,1,1,0,0,1,0,1,0,1,0,0,1,0,1,0,0
76553.4928195694,13.4945709304884,11.4809716120362,7.39341633627191,8.81985367974266,1,1,0,1,1,1,1,1,1,1,0,1,0,1,0,1,0,1,0,1
83310.8635122777,14.4681781902909,9.85572549281642,9.06939328880981,14.3833593768068,1,1,1,1,1,1,1,0,0,1,1,0,1,0,0,0,0,0,0,0
116028.379289521,10.8841919037513,11.9324431940913,12.9614728805609,13.5192856332287,0,1,0,1,1,1,1,1,1,1,1,1,0,1,1,0,0,0,1,1
78719.82375028,10.0225081527606,7.89669456658885,13.8062859629281,13.6076534143649,0,0,1,1,1,1,1,0,0,1,0,0,1,0,1,0,1,0,0,1
77287.9978073766,6.89779917709529,14.7867165971547,14.5615916862153,12.6088154339232,0,1,0,1,1,0,1,1,1,0,1,1,0,1,1,0,0,0,0,1
55516.0333041896,5.01836858224124,7.88126329425722,11.2719422089867,5.02110169734806,1,1,1,1,1,1,0,1,0,1,1,1,1,1,0,0,1,1,0,0
76603.1053656165,13.7757806223817,10.2576452121139,7.17940802918747,6.02147887460887,0,1,0,1,1,1,1,1,1,1,1,1,1,0,0,0,1,0,0,0
38678.3397882217,6.34111337829381,5.77822269639,10.255977762863,9.21950838062912,1,0,1,0,1,0,0,1,1,0,1,1,0,1,0,1,1,1,1,1
12172.7083083792,5.22741224151105,11.7855383525603,7.39814594388008,6.75646110903472,0,1,0,1,1,0,1,0,1,1,1,1,1,1,1,0,1,0,0,1
121989.7305869,14.391367060598,6.81949716527015,14.4064981117845,13.0431484570727,0,1,1,1,0,1,0,1,1,1,1,1,0,1,0,1,0,1,0,0
35307.8926549666,7.92948722839355,10.2980445511639,5.23136063246056,14.1521816700697,0,1,1,1,1,0,1,1,0,1,0,1,1,0,0,1,0,0,1,1
68778.9303301976,6.64326574420556,13.0167882889509,11.3471232960001,7.7248597657308,1,1,1,0,0,0,1,0,1,1,0,0,1,1,1,1,0,0,1,0
118772.192297705,8.99102555820718,8.13187195919454,14.7127534286119,8.2238034508191,1,1,1,1,0,0,0,0,1,1,1,1,1,1,0,1,0,1,1,1
32488.1410913921,9.59575412096456,11.9127341173589,6.07324536889791,10.8044261485338,0,1,0,1,1,1,0,1,1,1,1,1,0,1,0,0,0,1,1,1
65900.3511894212,9.34030848555267,12.7304452261887,7.24762569880113,14.0586196794175,1,1,1,1,1,1,0,1,1,0,0,1,0,1,1,1,1,1,0,1
34109.8687555744,10.1700982637703,7.61793632525951,6.46222741808742,12.372724423185,1,0,1,0,1,1,0,1,1,0,1,0,0,1,1,0,1,0,1,1
105376.861212213,13.4624575264752,11.7876015300862,8.52731726365164,12.450311484281,0,1,1,0,0,0,0,0,0,1,1,0,1,1,1,1,1,1,1,0
16628.3387161814,5.55164286401123,14.9214329593815,8.33441155962646,11.4219974633306,1,0,1,0,1,1,1,1,1,0,0,0,0,1,1,1,0,1,1,1
42650.6283214133,10.5417706118897,10.5148751987144,5.86290895473212,6.42086773179471,1,1,0,1,0,0,0,0,1,0,0,1,1,1,0,0,1,1,0,1
117823.755046704,11.8827523756772,14.3068447359838,14.7114906017669,9.88335414789617,1,0,1,1,0,0,0,1,1,1,1,1,1,1,1,1,0,0,0,1
27689.3654663146,11.5805755369365,7.0740434480831,12.7094365796074,7.94948109425604,0,0,1,1,0,0,1,0,1,0,1,1,1,0,1,1,1,1,1,1
56884.3776068312,11.6334272525273,7.29959039483219,5.30109912855551,6.52984691550955,1,1,1,1,0,1,0,1,1,1,1,1,1,1,0,1,1,1,1,1
81098.4513036308,9.72234202548862,9.8398658935912,14.4640752091072,5.97248833626509,1,1,1,1,1,1,0,1,1,1,0,1,0,1,1,0,1,0,0,1
88018.7409756659,14.6952816611156,9.61059393826872,9.71443838207051,11.167899009306,1,1,1,1,1,1,1,1,0,1,1,1,1,1,0,1,0,1,1,1
28636.2783793669,9.02197062736377,12.8272135695443,10.8993875584565,10.754369169008,0,0,1,1,1,0,1,0,1,1,1,0,1,1,1,1,0,1,1,1
124091.31661833,13.4955210378394,5.00605266075581,14.8722024005838,6.61891269497573,1,1,1,1,1,0,1,1,1,1,1,1,1,0,1,1,1,0,0,0
45395.1923722097,12.5664490740746,12.5062338006683,8.44388371799141,5.00200380804017,1,1,1,1,1,1,1,0,0,1,1,1,1,1,1,1,1,1,0,0
62712.9185841876,10.326012193691,13.3073243754916,11.6187479509972,7.2827615425922,1,1,0,0,1,1,1,1,1,1,0,1,0,1,1,1,1,1,0,0
52821.8910861007,13.7414966081269,8.14671236323193,5.47501199645922,13.8712846813723,0,1,1,0,0,1,0,1,1,0,1,1,0,1,1,0,1,0,1,1
87836.3717029021,9.67115115607157,12.1203316003084,13.8099701562896,13.0205195909366,1,1,1,0,1,0,1,0,1,1,0,0,1,0,1,1,0,0,1,1
72308.5409407006,5.0812845537439,7.5171154923737,14.3198000546545,11.1442990857176,0,1,0,0,1,0,1,0,0,1,0,0,1,1,0,1,1,1,1,1
96775.7544308341,12.2776700463146,8.09347498230636,14.5491374540143,12.9095323523507,0,1,1,0,0,1,1,0,0,0,0,0,0,1,1,1,1,1,1,1
63278.2055561214,12.1658947877586,11.9595484714955,12.5537035707384,12.9239826393314,0,1,1,1,0,1,1,0,1,1,0,0,0,0,1,1,1,1,1,1
51185.9106610745,6.87426371034235,9.23095647012815,13.2855475321412,10.397601837758,0,1,0,0,0,1,1,0,0,1,1,1,1,1,0,1,0,0,1,0
56755.6929585802,11.4606727682985,13.5289021302015,9.83656921889633,9.12024363875389,0,0,1,1,1,1,0,1,0,1,1,1,0,1,1,1,1,0,0,0
65551.9899640914,10.4197927983478,10.3439991665073,12.2542186360806,12.5433297315612,0,0,0,1,1,1,0,0,0,1,1,1,1,1,1,0,1,0,1,1
32604.9085389743,8.35320759797469,10.4817751632072,13.8577184756286,14.2433235002682,1,1,1,1,1,1,1,0,1,1,0,1,1,1,1,1,1,1,1,0
77365.6808592521,11.3790872320533,13.4554397850297,5.62430157093331,9.99041082570329,0,1,1,1,1,0,1,0,0,1,1,1,1,0,1,1,1,0,1,0
168799.647185761,13.2920106383972,8.77029079943895,14.0294478391297,10.7519228290766,1,1,0,0,1,0,0,1,0,0,1,1,1,1,0,1,1,0,0,0
37934.0194494817,12.0897519844584,6.66043678531423,5.28252076590434,7.18929399736226,0,1,0,1,1,1,1,0,0,1,1,0,0,1,1,1,0,0,1,1
27549.6675334229,8.48550350870937,6.89248028676957,8.21962855290622,6.63151563378051,0,1,1,1,0,1,0,1,1,1,1,1,0,1,1,0,0,1,1,0
18291.7589260276,6.28327874932438,13.5686781606637,6.28149377647787,13.8263550982811,1,1,1,0,1,0,0,1,1,1,1,1,1,1,0,0,0,1,0,1
25692.2901278375,8.8807848887518,8.37503234623,6.10141913872212,9.68794243177399,1,0,0,1,0,0,1,0,0,1,0,0,0,1,1,1,0,0,1,0
69479.3467201849,14.2817754833959,12.7502823504619,10.1334223989397,5.19196609733626,0,1,1,1,1,0,0,1,0,0,1,1,1,1,0,0,0,0,1,1
88115.2737704924,13.043907713145,5.69070202065632,13.3229316095822,13.1613718532026,0,1,0,1,1,0,1,1,0,0,1,0,1,1,1,0,1,1,0,0
35592.2535390032,12.5869680708274,7.40949265658855,9.45708966813982,5.42757392628118,1,1,0,0,1,1,1,0,1,1,1,1,1,1,0,1,0,1,1,1
80062.8182902964,14.5724988891743,7.4280183785595,12.5591149181128,5.74073910247535,0,1,0,0,1,1,1,1,1,1,0,0,0,0,1,0,1,0,1,0
152192.321256508,14.9391387868673,8.87112989090383,13.9972952473909,9.7869405685924,1,1,1,0,0,0,0,1,1,1,1,0,0,0,1,0,1,0,0,1
44634.9246288227,11.0644099465571,13.7180502107367,8.08047227328643,9.71509030088782,1,1,1,0,1,0,1,1,0,1,1,0,0,1,1,0,1,1,1,1
35208.731454141,5.29377165483311,14.6719704847783,10.5685402313247,7.82381517579779,1,0,0,0,1,1,1,1,1,0,1,1,1,1,1,1,0,1,1,1
82278.8644790448,8.36445357883349,13.6691627092659,14.9919467885047,7.12974285008386,1,1,0,1,1,1,1,1,1,0,1,0,0,0,0,0,1,1,0,1
34526.8871414112,7.77658086735755,9.37715301522985,7.02094245236367,11.1877091741189,1,1,1,1,1,0,0,1,0,1,0,1,1,1,1,1,0,1,1,0
32548.1381592951,6.17197550134733,6.91937792114913,5.05399961490184,5.61119996011257,0,0,0,0,0,0,1,1,1,1,0,1,1,0,0,1,1,0,1,0
21851.314879412,5.43218259001151,5.82294404506683,8.0408637248911,7.83110707998276,1,1,1,0,1,1,0,0,0,0,1,0,1,0,0,1,0,1,1,0
49454.9113067089,8.70309785706922,10.8345163753256,9.96753414859995,14.8196777934209,0,0,1,1,0,1,1,1,1,1,1,1,1,1,0,0,1,1,0,1
47410.1320611652,8.3687830879353,5.70361495483667,5.2837716252543,14.3275426398031,1,1,0,1,1,1,0,1,0,0,1,1,1,0,0,1,0,1,1,0
57126.3405231314,6.73652553465217,10.2766265580431,13.72602669755,10.6645113811828,0,1,0,1,1,0,1,1,0,1,1,1,1,1,1,0,1,1,1,1
62633.2745770589,11.2177327950485,9.72288285382092,14.3407864565961,6.04079345939681,1,0,1,0,0,1,0,1,0,1,0,1,1,1,1,1,1,0,1,0
55694.2232895167,8.97843627491966,5.4819137067534,14.3087594117969,11.9640849437565,1,0,1,1,1,0,1,0,1,1,1,0,1,0,0,0,1,1,1,1
37039.7797233172,14.5567576866597,10.9454080765136,5.46528774313629,9.65676786610857,0,0,1,1,0,1,1,1,0,0,1,1,0,0,1,1,0,1,1,0
110876.919333134,11.5334944310598,12.912712150719,13.3542935550213,10.4989446210675,1,1,1,1,1,1,1,1,1,1,1,1,1,1,0,0,1,0,1,0
63026.796520384,8.28743716701865,10.9886868367903,13.3588953572325,14.4003020320088,0,0,1,1,1,1,1,1,1,0,1,0,1,1,1,1,1,1,0,1
66977.9000484485,6.97146713500842,5.27915929211304,10.5896683293395,5.56910699931905,0,0,0,0,1,1,1,0,1,1,0,1,0,0,1,1,1,1,1,1
45245.8621703517,6.15342324832454,8.9572663186118,13.8115051831119,8.1745069893077,0,1,1,1,1,0,1,1,1,1,0,1,0,1,0,1,0,0,0,0
88193.6140805512,14.9596547870897,6.06243964517489,12.8491733130068,10.2911315881647,1,0,1,1,1,0,1,1,1,0,0,1,1,1,1,0,1,1,1,1
73613.8746650722,8.79276725230739,5.24111388018355,14.0440573450178,5.45882502337918,0,0,1,1,1,1,0,1,1,1,1,0,0,0,1,0,1,1,1,1
52258.1109648196,10.619880927261,13.4089776780456,12.1143480599858,14.1112205386162,0,1,1,0,0,1,0,0,1,1,0,1,0,0,1,0,1,1,1,0
85530.4168346527,12.3271801765077,8.2639992586337,10.7550398283638,14.6731855603866,1,1,0,0,0,0,1,0,0,1,1,1,1,1,0,1,1,0,1,0
81136.7847190912,13.7080555292778,7.942976471968,9.8907258710824,14.1549619892612,1,0,1,0,1,1,1,0,1,1,1,0,0,1,0,1,0,1,1,1
40048.1709900649,10.7217025966384,13.2289797975682,7.04282114747912,10.8792845113203,1,1,0,0,0,0,0,1,0,1,0,1,1,1,1,1,1,0,0,1
6897.9718607125,5.11036070995033,9.14347424637526,6.90222956705838,8.02549694431946,0,0,1,1,1,0,0,1,1,1,1,0,1,0,1,1,1,1,1,0
87685.8168281533,14.0631526126526,5.10171222966164,13.3838461851701,9.24050321336836,1,0,0,1,0,0,1,0,0,0,1,1,0,0,1,1,0,0,1,0
96575.5068501427,12.7065363153815,5.5240838858299,13.8805390545167,14.3521846528165,1,1,1,1,0,0,1,1,1,1,1,1,0,1,1,1,1,1,0,0
33673.0570353039,8.82504623383284,12.3037038138136,10.6777826370671,6.93804796319455,0,0,1,1,1,0,0,0,1,0,0,1,1,1,0,0,0,0,1,1
13669.0812993384,5.94045888865367,5.73394946986809,8.62700476078317,14.3307949020527,1,1,0,0,1,0,1,1,0,0,1,1,1,0,1,0,1,0,0,1
35451.312868456,5.49653583904728,5.70356626529247,7.31114051071927,8.21377991233021,0,1,1,1,1,0,0,1,1,0,1,1,1,1,0,1,0,0,1,1
75001.9962686116,13.2116231811233,11.371719671879,8.84228762472048,12.9234274569899,0,1,1,1,1,1,1,1,1,0,0,0,0,1,1,1,1,0,0,0
41447.1716381051,13.2932430435903,9.1330587095581,10.7243999489583,13.7133159046061,1,1,1,0,0,1,0,1,0,1,0,1,1,0,0,0,1,0,1,1
52510.9489873627,11.5473287575878,9.30717830779031,10.9991913684644,14.5210828608833,0,1,0,1,0,1,0,0,0,0,1,0,0,0,1,1,1,0,1,0
43475.8370472877,6.32827813038602,5.8024637051858,12.9445460927673,8.54511213721707,1,0,1,0,1,0,1,0,0,0,0,1,0,1,0,1,1,0,0,1
35337.5548408829,8.41809901176021,7.77116678655148,10.0458692992106,13.4493962209672,1,1,0,0,1,0,1,1,0,0,0,1,1,1,1,1,0,1,0,1
62838.8863220278,12.3137157899328,12.9407101892866,10.4015195555985,13.5019285022281,1,1,0,0,1,0,0,0,1,0,0,1,1,0,0,0,0,0,0,1
72087.5160796998,14.0729141607881,5.91097465716302,5.24089621845633,12.0095741865225,1,0,0,1,1,1,1,1,1,0,0,1,0,1,1,1,0,0,0,0
100890.391782923,11.9619699940085,7.76682177558541,12.7722916938365,8.70643947040662,1,1,0,1,0,1,0,1,0,0,1,0,0,1,1,0,1,0,0,1
31862.1132094974,7.41579222260043,6.36255458230153,8.34934893762693,5.25891336845234,0,0,0,1,1,1,1,0,1,1,1,1,1,0,1,1,0,1,1,1
69047.4621532676,11.4410722861066,11.634760950692,9.68478092225268,13.9880812703632,0,1,1,1,1,1,0,1,1,1,1,0,0,1,1,0,1,0,1,0
25548.0718189897,7.80750213656574,14.7913002246059,12.2983120172285,12.5437129172496,0,0,1,1,1,0,0,0,1,1,0,1,0,0,1,0,0,1,1,0
122731.507934675,14.5763652073219,7.11811334360391,12.4471898586489,8.69364125654101,0,1,0,0,0,0,0,1,0,1,0,1,1,1,1,1,1,1,1,1
55037.6125518189,6.58395956736058,8.72026984347031,13.9080380043015,10.3042228193954,1,1,1,1,1,0,1,1,0,1,1,0,0,1,1,1,0,0,0,1
26773.7462188092,9.18338991701603,6.18364716647193,8.00632366910577,14.1397466300987,1,0,0,1,1,1,1,0,0,0,1,0,0,0,0,1,0,1,0,0
51653.9994268013,7.52009797375649,12.8053614730015,6.01898519555107,7.01155897928402,1,1,0,0,1,1,1,1,0,0,1,0,1,1,0,0,0,1,1,1
47883.2690021712,5.94390267739072,5.65578213660046,6.90689533017576,7.55641343072057,1,1,0,0,1,1,0,1,0,0,0,0,1,0,1,0,1,0,0,0
71534.6708130542,13.2771776965819,12.8377509233542,7.57666680263355,9.40308513352647,1,0,1,1,0,0,1,0,1,1,1,1,1,1,1,0,1,0,0,1
30959.2653439526,10.2530550374649,6.23852211982012,7.72624538047239,12.4520310037769,1,0,0,1,0,1,0,1,1,1,1,0,1,1,0,1,1,0,1,1
55725.792633503,11.6774762747809,12.7734167245217,5.07279515033588,6.59573203884065,0,1,1,0,0,0,1,0,0,1,0,1,1,1,0,0,1,0,0,0
69425.8166412317,9.08277759794146,8.6134907277301,14.1790635837242,12.2802060865797,1,1,1,1,1,1,1,0,0,1,0,0,1,1,1,0,1,0,0,0
104589.980280615,13.4258990339004,11.1593001079746,13.4050816623494,13.8812180352397,1,0,0,1,1,0,1,1,1,1,0,0,0,0,0,1,1,1,0,0
46285.1709609972,12.3730546794832,14.1704272921197,8.77059336286038,12.2219934314489,1,1,1,0,1,1,0,1,1,1,0,0,0,1,0,1,0,1,1,1
55865.6314717392,8.48224401008338,6.05220099911094,10.020399922505,9.31783507578075,1,0,1,1,0,1,0,1,1,1,1,0,1,1,0,0,1,0,0,1
67867.9192744162,14.4893817743286,12.1554579399526,8.32168674794957,12.7709736628458,0,1,0,0,1,0,1,1,1,1,1,1,1,1,1,0,1,1,1,1
88440.9032591788,11.4667918998748,6.56366555485874,12.8553522611037,5.91108489781618,1,1,0,1,1,1,1,0,1,0,0,1,1,1,0,1,1,1,1,0
27030.790933142,5.3527776687406,7.61575721204281,12.8162493999116,5.18895185086876,1,0,0,0,0,1,0,1,1,1,0,1,1,0,0,0,0,1,1,0
13247.994561219,10.9644845570438,12.7379136765376,7.86652230657637,10.5628650356084,1,0,0,0,0,0,1,1,1,1,0,1,0,0,1,1,0,0,0,0
60250.5359141613,9.15318001527339,10.947590705473,8.87615817133337,9.554931554012,0,1,1,0,1,1,0,1,0,1,1,0,1,1,1,1,0,0,1,0
24560.4551005165,5.76897038146853,5.95376716693863,10.8465869864449,5.982805932872,1,0,0,0,1,1,1,1,0,1,0,1,0,0,0,1,0,0,1,1
74118.5745381921,10.2804887923412,6.58467933768407,14.9415022344328,9.21556807821617,1,1,0,1,0,0,1,1,1,1,0,1,1,1,0,0,1,0,1,1
105439.323042412,14.6233330853283,12.0109071489424,13.3573588589206,5.91350077884272,1,1,1,0,1,0,1,1,1,0,1,0,1,0,1,1,1,1,1,0
62063.6045795661,12.0874005113728,7.69182726275176,12.2685534274206,7.97297141281888,1,0,0,1,1,1,0,0,0,1,1,1,1,1,1,0,1,0,0,1
51530.7638735403,10.5347570357844,7.96830063685775,9.07429949846119,5.35499525489286,1,1,1,1,0,1,1,0,1,1,0,1,1,0,1,0,1,1,0,0
63973.5860800702,7.42956608999521,10.626652922947,14.5852635265328,8.55703649809584,0,0,0,1,0,1,0,1,1,0,0,1,0,1,1,0,1,1,1,0
109223.758185888,12.7804252901115,8.45176512375474,13.0196490092203,7.48872943455353,1,1,0,0,0,0,0,1,1,1,1,1,1,0,1,0,1,0,0,1
96210.758376792,11.5194094344042,14.9636331084184,12.0485195051879,13.7918037502095,0,1,0,1,1,0,1,1,0,1,1,1,0,0,1,1,1,1,0,1
74346.712280717,13.3024570392445,7.14889628114179,12.4343472300097,8.17978880601004,0,0,0,1,1,0,1,1,1,0,1,0,1,0,1,0,1,0,1,1
12377.6674108191,11.4855094742961,10.907471976243,5.41161684086546,8.21120504522696,1,0,0,0,0,1,1,0,1,0,0,1,0,1,0,1,1,1,1,1
31070.64597251,9.79835794307292,9.0899104741402,5.55853185709566,13.4788794652559,0,1,1,0,0,0,1,1,1,0,1,0,1,0,0,1,1,1,0,1
96768.0089246752,9.95064105605707,10.3992892755195,13.9679041411728,8.81270383950323,1,1,0,1,0,1,0,0,0,1,0,0,1,1,1,1,0,0,1,0
42261.309845813,8.79872591467574,13.0980687751435,11.215001589153,7.75124322157353,0,1,1,1,1,1,1,0,1,0,1,1,0,0,1,1,1,1,1,0
52019.8985609358,9.50485437177122,5.1065314328298,12.1561091253534,14.1794350277632,0,1,1,0,1,0,1,0,1,1,1,1,1,1,0,1,1,0,1,1
50490.171112137,13.142517504748,11.7498955619521,5.06459725322202,13.7694493611343,0,1,1,1,0,1,0,0,0,0,1,0,1,1,1,0,1,0,0,1
105266.024339728,14.2877722578123,13.8018155400641,6.50810371153057,8.26484796125442,0,1,0,1,0,1,1,1,0,1,1,1,0,1,1,1,1,0,0,1
51429.5555777118,6.47481045220047,9.08088765805587,8.90337652293965,5.91228680917993,1,1,1,0,1,1,1,1,1,1,1,0,0,1,0,0,1,1,1,1
68652.4951027942,12.4982166499831,13.9405213459395,12.141618761234,6.98593728709966,1,1,1,1,1,1,1,0,0,1,1,1,1,0,1,1,0,0,1,1
41304.8064093006,14.7565734968521,13.0785131384619,7.90325599722564,6.77286486141384,0,0,1,1,0,1,1,1,1,0,0,0,1,1,0,1,1,1,1,1
84042.6241143537,14.7479246347211,5.52268422674388,13.3733155089431,9.86933732870966,0,1,0,0,0,1,1,1,0,0,0,1,0,1,0,0,0,1,0,0
44331.1488733717,8.50625570164993,14.5113946939819,13.0949642322958,6.41300415620208,1,1,0,0,1,1,1,0,1,1,0,0,1,0,0,0,1,1,0,1
23315.2602630227,8.93949056975543,9.98940351651981,6.81867694249377,10.6031430349685,1,1,0,0,0,1,1,1,1,1,0,0,1,1,1,1,0,1,1,1
67267.8946650364,14.5095100905746,9.97459183679894,11.1542377388105,5.73373709106818,0,1,1,1,1,0,1,0,1,1,0,1,0,1,0,1,1,1,1,0
6830.95095065739,6.06648319633678,7.01222010422498,5.98172070691362,14.2136225802824,0,1,1,0,0,1,1,0,0,0,1,1,0,0,1,0,1,1,0,1
66815.6913871879,14.3476011650637,11.8099731928669,7.7517956495285,7.78020482044667,1,0,0,1,1,0,1,0,1,1,1,1,0,1,0,0,1,1,1,1
96531.601569288,8.46162099856883,10.4730418371037,12.8014577599242,5.34396181115881,1,0,0,1,1,1,1,1,1,0,1,1,1,1,1,0,0,0,0,1
69173.0803147156,10.3306060587056,11.0957774030976,9.37542198225856,9.54070263542235,0,1,1,0,0,1,0,1,1,1,1,1,0,0,0,1,1,0,1,0
34577.8145278838,10.3879429935478,8.08182996464893,7.21972281346098,10.2396169886924,1,0,0,0,1,1,1,0,1,0,0,0,1,1,1,1,1,1,1,1
50062.552005136,12.1471794974059,6.64061164716259,10.7306585903279,7.35648334724829,0,0,1,1,1,0,1,1,0,0,1,1,1,0,1,1,1,0,1,1
59150.6174915623,9.05790500110015,13.4739972627722,12.8048659744672,13.8078440655954,1,1,0,0,1,1,0,1,1,1,0,1,1,1,1,0,1,1,1,0
15478.3566059379,6.52788141276687,6.77070725010708,6.55522431246936,10.0131661002524,0,1,1,0,1,1,0,0,1,1,0,1,0,1,1,1,0,1,1,1
108547.230185723,8.40232761343941,10.8621072582901,13.4712976706214,8.75987990759313,1,1,0,0,1,1,1,1,0,1,1,0,1,1,0,0,1,1,0,1
43072.993980067,11.2665484752506,14.7255654959008,7.48301811050624,13.3826723322272,1,1,0,0,0,1,0,1,1,1,0,1,1,1,1,1,0,1,0,1
24778.981597845,5.57372678304091,10.3409931389615,13.0209908261895,12.7685066359118,1,0,0,1,1,1,0,1,1,1,1,1,1,0,0,1,0,1,1,0
68795.8926078141,13.5166763979942,13.1091625452973,6.0699037485756,13.2983398158103,0,1,0,1,1,0,1,0,0,0,0,1,1,1,0,0,1,1,0,1
32397.0644154678,7.12645345833153,11.5090651111677,10.7904428360052,8.14783584792167,1,1,1,0,0,0,0,1,1,0,0,1,0,0,1,0,1,0,0,1
27136.9558915407,10.3946202783845,12.7098110713996,5.62389618484303,5.43753145029768,0,1,0,1,1,1,1,1,0,1,1,1,0,0,1,0,0,1,0,1
15391.7630891034,6.36487586190924,5.34558315295726,5.90718286810443,12.7577252406627,1,0,1,0,1,1,1,1,1,1,1,0,1,0,0,1,0,1,1,1
36357.5587336257,8.24865140486509,10.5866028112359,7.99951496301219,11.1539132334292,1,1,1,1,1,1,1,1,1,0,1,0,0,1,1,0,0,1,1,1
93086.4411421136,11.2107629375532,6.20087367016822,11.4083015266806,7.06084111472592,0,1,1,0,0,0,1,0,1,0,0,1,0,0,1,1,1,1,1,0
43696.6196772501,7.55982248578221,11.8629962811247,9.92609065724537,6.25277600483969,0,1,0,0,1,0,0,0,0,1,1,0,1,0,1,1,0,1,1,1
51665.6708729742,11.3487579883076,14.1412566113286,10.5531417997554,14.6279073576443,1,1,1,1,1,1,1,1,0,0,0,1,0,0,0,0,0,1,1,0
30746.526784529,9.85672106966376,10.6034976034425,5.58423394337296,9.30424353340641,0,1,1,1,0,1,0,1,1,0,1,1,0,1,1,1,1,0,1,1
42709.9771491185,14.3817691667937,10.7557604485191,8.42911960789934,11.3534641009755,1,0,1,1,0,1,0,1,1,1,1,1,0,1,1,1,0,0,0,0
139468.959249971,13.575015370734,10.1675015501678,11.8005466694012,10.1402184413746,1,0,0,0,1,1,0,0,1,1,1,0,0,1,1,0,1,1,0,0
63751.5946322421,8.70883537689224,11.5804858226329,9.3438574927859,11.6503747715615,0,1,0,1,0,0,0,1,0,1,1,1,1,1,1,0,0,1,1,0
44966.2091441743,8.14201829954982,10.8839658019133,7.52121420809999,7.52454288071021,0,1,1,1,1,1,0,1,0,0,0,0,1,1,1,1,1,0,1,1
81027.7535581704,13.2853435981087,5.79924579942599,6.4642827026546,5.95315150916576,1,0,1,0,1,0,0,1,1,0,1,0,1,0,0,1,0,1,1,0
89927.0370582885,9.51841513160616,6.56136253383011,11.2213099352084,7.07339639775455,1,1,1,0,0,0,0,1,0,1,1,0,1,0,0,1,1,0,1,1
52441.5970935069,8.15878412220627,14.8508136742748,10.7967740506865,9.57043248228729,1,1,1,1,1,0,1,1,1,1,0,1,1,0,0,1,0,1,0,1
27043.9728779264,5.97808537539095,14.9182979739271,10.566776082851,10.4850192996673,1,0,0,1,0,0,1,0,0,1,0,0,1,1,0,1,1,1,1,1
9738.13977028676,5.64900536555797,7.947561906185,5.2434884570539,13.9345520082861,1,1,1,0,1,0,1,0,0,0,0,1,1,1,0,0,1,1,0,1
43387.1187735768,11.8945736647584,12.8871246450581,8.54189245030284,10.2605394320562,0,0,1,0,1,1,1,1,0,1,0,1,0,0,1,0,0,0,1,0
83630.9592612944,11.6805060394108,11.8683106522076,8.77888964023441,11.7289165570401,0,0,1,0,1,1,1,1,0,1,1,0,1,1,1,1,1,1,1,1
63961.7646041754,14.0454664779827,9.00826663477346,5.25891915196553,5.42142009362578,1,1,0,0,1,0,1,1,1,1,1,0,1,1,1,0,1,0,1,1
58851.732954713,8.01693270448595,8.96841136040166,11.7642733990215,8.49807378835976,0,1,0,1,1,1,1,1,0,0,1,0,1,1,0,1,0,0,1,1
56123.7401794743,14.3280870467424,13.8741394062527,5.55056964280084,6.7474303022027,1,0,1,0,1,1,0,0,0,0,0,1,1,1,1,1,0,0,1,0
36916.3642992373,7.01983017381281,13.2207809551619,5.43264717794955,10.2260932326317,1,1,1,1,0,1,0,1,1,1,1,1,1,1,0,0,1,0,1,0
65768.2836845886,12.9237875598483,7.652450397145,5.05532210692763,14.0296869771555,1,1,1,0,1,0,1,0,1,1,0,0,1,1,0,1,0,0,1,0
18473.4223488816,7.24630508804694,6.81170874042436,7.06780816894025,12.2088640625589,1,1,1,1,1,1,0,1,1,0,0,0,1,1,1,0,1,0,1,1
54869.7540353776,5.30756571097299,14.5647406741045,14.1340851667337,7.77600809698924,1,1,1,1,0,0,1,1,1,1,1,1,0,1,0,0,1,1,1,1
75120.7831563793,13.620340412017,13.3739984221756,8.41096192831174,8.26844296650961,1,0,1,1,0,1,0,1,1,1,0,1,1,1,1,1,0,0,0,1
21990.079983885,11.851075051818,8.46652631880715,8.59174565644935,12.106528643053,1,1,0,0,1,1,1,0,0,0,1,1,1,1,0,1,1,1,1,0
96291.0438750688,14.4207490957342,13.420864418149,13.6625958397053,7.1704412274994,1,0,1,0,0,0,1,1,1,1,0,0,0,0,1,0,1,1,0,0
112182.856073248,11.7585376044735,5.1013018283993,14.7359046619385,9.22718597110361,1,1,0,1,0,0,1,0,1,1,1,1,1,1,1,0,1,1,1,0
112455.550703006,13.4312014840543,7.1454192395322,14.802583954297,14.4482053001411,0,1,0,1,1,1,1,1,0,0,0,0,0,0,0,0,0,1,1,1
6390.94678717129,8.61894184956327,14.1373497922905,5.72712372289971,7.45686902198941,0,0,0,0,1,1,0,1,0,1,1,1,0,1,0,1,1,0,1,0
52636.1535093286,8.92365885199979,5.48655345104635,9.61705907247961,5.49183829687536,1,1,1,1,0,0,0,0,1,1,0,1,1,1,0,0,1,1,1,1
58644.7222370944,10.6768739758991,13.7123094429262,14.3081730837002,10.3295442345552,1,0,0,1,1,1,1,1,1,0,0,1,1,1,1,0,1,1,0,1
22389.8278512853,5.951521336101,11.5578800602816,6.30190584808588,6.98102090274915,1,1,0,1,1,1,0,0,0,1,0,1,1,1,1,1,1,0,1,0
39341.5181721896,6.93784071598202,7.19371878309175,13.5906312311999,10.6676611537114,1,1,0,1,0,1,1,1,0,0,1,1,0,1,0,0,1,0,0,0
62744.3218937202,10.8806639304385,5.09437143336982,10.2001873520203,9.48420517612249,1,1,1,0,1,1,1,1,0,1,0,1,1,0,0,1,0,0,0,1
44066.9777530128,12.5150416814722,5.7921449537389,7.24378655897453,12.8974787844345,1,1,0,1,0,0,1,1,1,1,1,1,0,1,1,0,1,0,1,1
74350.3722025334,13.6723878723569,12.6745085162111,9.27132410695776,8.24197702575475,1,1,0,1,1,0,0,0,1,0,1,0,1,1,1,1,0,1,0,0
135698.456293962,8.71795737184584,5.33287856029347,12.6241285493597,9.15975162759423,1,0,0,1,1,0,0,1,1,0,0,0,1,1,0,1,1,0,1,1
57546.2100481263,12.9881454957649,12.7495206426829,10.9382830420509,9.68524232506752,0,1,0,1,1,1,0,1,1,1,1,1,1,1,0,1,1,0,1,1
29985.1270845511,5.58314392575994,8.93959630047902,12.1950937062502,6.96987899951637,1,1,0,1,0,0,1,1,0,1,1,1,1,1,1,1,0,1,1,1
51920.3673193076,11.2343570939265,12.8481725859456,7.84091336419806,13.6238884483464,1,1,0,1,1,0,0,1,0,1,1,0,1,0,0,1,1,0,1,1
13898.0430649602,8.56641406659037,5.33332295715809,9.41674972185865,5.97371553303674,0,0,1,1,1,0,0,1,1,0,1,0,1,0,1,0,1,0,1,1
49394.2671654284,10.8792793238536,8.66151578025892,12.5138835189864,6.1027121823281,1,1,1,0,1,0,1,1,1,1,0,0,1,0,1,0,1,0,1,0
98067.0460529204,14.1378464200534,7.07688439870253,14.3409234168939,5.05469194613397,1,0,1,1,1,1,0,1,0,1,0,0,0,1,0,1,0,1,0,1
30640.9265706895,6.99442182900384,14.6591253764927,5.71413338882849,13.6185616231523,1,0,1,1,1,0,1,1,1,0,0,1,1,1,0,1,1,0,1,1
39935.9427685983,8.69083623867482,10.6496600736864,8.89918048400432,12.0410987269133,0,0,0,1,1,1,0,0,1,1,1,1,0,1,1,0,1,0,0,0
20859.0131294185,11.7140832776204,9.41115951864049,6.27625434426591,14.9679414695129,0,0,1,1,1,1,1,1,0,0,1,1,1,1,1,1,1,0,1,0
83371.7401458906,12.6814455073327,13.0386811657809,14.7870654100552,10.0936058210209,1,1,0,1,1,1,0,1,1,1,1,0,0,1,1,1,0,1,0,0
61988.1745887099,10.2224827604368,6.65633277501911,6.61171129206195,12.3191302502528,0,1,1,1,1,1,0,1,0,1,1,1,1,0,0,1,0,1,1,0
30851.7065261063,13.280750180129,7.0611856225878,6.15898978663608,13.524342989549,1,1,0,0,1,1,0,1,0,0,0,1,0,1,0,1,1,0,1,0
83579.4261503653,10.2709619468078,8.48586677573621,12.8606972913258,8.20454872678965,1,1,1,1,1,1,1,1,0,0,1,0,1,1,0,1,0,1,1,1
97094.7189487767,10.0175482500345,9.50814907671884,14.0529354754835,8.06286236271262,1,1,1,1,1,0,1,1,0,1,1,1,1,1,1,0,0,0,1,1
55826.5085469349,9.19973319862038,6.03176732780412,10.9987010224722,5.99021269008517,0,1,0,1,0,0,0,0,0,0,1,0,0,0,1,1,1,0,0,0
47549.5824920713,8.62298283260316,11.0061846184544,8.00136657431722,12.4149522348307,1,1,1,0,0,0,1,1,0,0,1,0,1,1,0,1,1,1,1,0
46836.3188540845,6.23428910272196,6.00577907869592,7.26046127732843,12.8382457792759,1,0,0,0,1,1,1,0,1,0,0,1,0,0,0,1,1,0,1,0
70451.6843361938,7.98161529470235,14.5718610915355,11.3842404820025,11.8641671887599,1,1,1,1,1,1,1,0,1,0,0,0,1,1,0,1,1,1,0,0
25024.3443367235,7.76676489738747,10.8097443939187,7.79024854302406,12.1339082019404,0,0,1,1,1,1,0,1,0,0,0,1,1,1,1,1,1,1,1,0
26240.7945851527,12.7022535563447,6.68894380098209,9.71430473960936,6.13715780200437,1,1,0,1,0,1,0,0,0,1,0,1,1,0,0,0,1,0,1,1
90040.6436171919,12.7818130212836,10.1857113325968,14.2283561266959,12.3102554515935,1,1,0,0,0,0,0,0,0,1,0,1,0,0,0,1,0,1,1,0
15850.9019406292,6.43787280656397,5.54322839714587,9.47039629099891,9.98815063154325,0,1,1,0,1,1,1,1,1,1,0,0,1,1,0,0,1,1,0,1
36506.9647940163,10.1552615058608,6.81874627713114,6.76126699196175,9.53341507120058,1,0,1,1,1,1,1,1,0,0,1,1,1,1,1,1,1,0,1,0
29749.7968450999,10.9724048548378,5.32474470324814,9.64907581685111,14.4372779596597,1,0,1,1,1,1,0,1,1,0,1,1,1,1,1,0,0,1,0,0
78267.1590323541,10.0584302400239,9.13448404753581,13.6713677062653,9.80766149470583,1,1,1,0,1,0,1,1,0,1,0,0,0,1,1,0,1,1,0,0
58008.8593793318,8.86099633062258,12.1080473158509,13.2063531083986,6.60300337709486,1,1,0,1,1,0,0,1,0,1,0,1,0,0,1,1,1,1,1,1
75763.2172718901,9.26098100841045,9.3829421675764,14.4592667347752,9.39263850217685,1,0,0,0,0,1,1,1,0,0,1,1,1,1,1,1,1,1,0,1
28729.3290317705,5.11759734712541,9.76030350895599,10.1254038861953,10.2393116080202,0,0,1,0,0,1,1,1,1,0,0,1,0,1,0,1,1,1,1,1
68844.4324681396,14.1933177039027,8.79704721504822,6.05226350249723,10.7003308786079,0,1,1,0,1,0,1,1,1,1,1,1,0,1,1,0,0,1,0,1
109140.178030155,5.79439693130553,12.7996834251098,14.1291570197791,12.4454278568737,0,1,1,1,0,0,1,1,0,0,1,1,1,1,1,1,1,0,1,1
101579.04245244,10.0737425475381,14.6157720312476,14.8970591579564,13.2329374877736,1,1,1,1,1,1,0,1,0,0,1,1,0,1,0,0,0,1,0,1
82395.138023159,13.2017161697149,9.43998414091766,10.4518087557517,9.0783879137598,0,1,1,1,1,1,1,1,1,0,0,1,1,1,1,0,1,1,1,0
57742.5900725266,10.983954181429,7.76576519012451,9.12231551017612,11.2297105765902,1,1,1,0,0,1,1,1,1,0,1,1,0,1,0,1,1,0,0,1
48717.8540194387,9.24153526080772,11.5287494170479,10.6918772286735,12.7206922741607,1,1,0,1,0,1,1,1,0,1,0,1,1,1,1,0,0,1,1,1
44247.2613266317,10.5931027070619,12.5472403527237,14.35180360917,11.5765501884744,0,0,1,1,1,1,0,0,0,0,1,0,0,1,1,0,1,1,1,1
85813.3622339375,12.8909447207116,10.8870638185181,9.78674574755132,12.0577305764891,0,1,0,1,0,1,1,1,1,0,1,1,1,0,1,1,1,1,0,1
39357.5701499395,6.67715257965028,8.6689807055518,9.44759102305397,6.31019678432494,1,1,1,1,0,0,0,0,1,0,0,0,0,1,1,1,1,0,1,0
89618.3387798084,14.7045173007064,10.0939102610573,8.35506540024653,7.01814072439447,1,1,1,1,1,1,0,1,0,0,0,1,1,1,1,0,1,1,1,1
43129.2141363628,9.73503098357469,6.44229113589972,5.61969872564077,7.78769583906978,1,1,1,0,1,1,0,1,0,1,1,1,1,0,1,1,0,1,1,1
93285.2879206477,14.2974320589565,7.66654535662383,10.823509877082,10.5361968930811,1,1,1,1,1,1,1,0,1,0,1,1,1,1,1,0,0,0,1,1
73077.8889714747,14.0093927038833,6.73820912605152,6.72415588283911,11.3201570883393,1,0,1,0,0,0,0,0,0,1,0,1,1,1,0,0,0,1,1,0
114748.747942329,12.5088218785822,13.9652729523368,13.3962624217384,8.8804386020638,1,0,0,1,1,1,1,1,1,1,1,1,0,1,0,1,1,0,0,1
26689.9674031796,11.7656877241097,10.6234313268214,7.81323125585914,11.8746244790964,1,0,1,0,0,1,1,1,0,0,0,1,0,1,1,0,1,0,1,1
89716.363993133,11.4801344578154,8.42454317957163,12.9213681304827,11.7963733547367,1,0,0,0,1,0,0,0,1,0,0,1,1,0,1,1,1,1,1,1
69403.0784860288,5.73246869724244,7.83729680348188,12.2911583259702,8.57463184511289,1,1,1,1,1,1,1,1,1,1,1,0,0,1,1,1,1,0,0,1
55259.7222459356,9.23558418406174,12.4753848323599,13.4037628374062,6.34271825430915,0,1,1,1,0,1,1,1,1,1,0,0,1,0,1,1,0,1,1,0
86338.758873523,10.3082436416298,10.6285019475035,9.94808007031679,8.67008611792699,1,1,1,0,0,1,1,0,0,0,1,0,1,1,1,0,0,1,0,0
119425.068564591,14.4270476233214,10.6538599543273,14.584294364322,9.57068466581404,0,1,1,1,0,1,1,1,1,0,0,1,0,1,1,1,0,1,0,0
30780.1948778167,12.1222455939278,11.333318289835,5.76831437880173,8.91053466824815,1,1,0,1,1,0,0,1,0,0,1,0,1,1,0,1,0,1,0,1
69882.5053525122,12.2449057549238,14.6258659195155,11.3946982519701,10.2003353275359,0,1,1,1,1,0,1,1,1,1,1,1,0,0,0,1,0,0,0,0
95493.3875503558,9.70128617715091,12.6894120406359,13.4769036690705,5.24544870015234,1,0,1,1,0,1,1,0,0,0,0,1,0,0,0,0,1,1,1,1
22777.0058077279,6.20282255811617,12.6152417669073,10.6187563017011,11.2205371563323,0,0,0,1,0,1,1,0,1,1,0,1,1,1,0,1,1,0,0,0
102794.958163568,12.8309767087922,6.52722147526219,10.8387052314356,13.0877603497356,1,0,1,0,0,1,0,1,0,1,1,1,1,1,1,1,0,1,1,1
98147.8404312092,9.38157397089526,8.67797967977822,14.3976318184286,10.7098697125912,0,0,0,0,0,1,1,0,0,1,1,0,0,1,0,0,0,1,1,1
41026.1422730141,9.31455979822204,14.1361579415388,8.04402521578595,12.6234836387448,1,1,1,0,1,0,1,1,1,0,1,1,1,1,1,0,1,0,0,0
11859.8555679316,5.27497878996655,9.96350146830082,9.7445739316754,6.44622108200565,0,0,1,1,0,1,0,1,1,0,0,0,1,1,1,1,0,1,1,1
75349.9811577162,6.46561842877418,5.27734726900235,13.2945703039877,12.7429819875397,0,1,1,0,1,1,0,1,1,1,1,0,1,0,0,0,1,1,1,0
29949.8470545136,9.22595157986507,9.50139385415241,6.5667472477071,6.65119020501152,0,1,1,1,1,1,1,1,0,1,0,0,0,1,1,0,0,1,0,1
122643.572770272,12.6713717426173,5.27187718078494,14.3183206161484,11.0192696168087,0,1,1,1,0,0,0,0,1,1,1,0,1,1,0,1,1,0,0,0
8876.24734699754,5.04766445374116,5.18270929576829,6.85956565197557,7.87284078774974,1,0,1,0,1,1,1,1,0,0,1,1,0,1,1,0,0,0,0,0
64470.4700102448,11.0359569150023,13.7196247885004,7.92823452502489,7.58031280944124,1,0,1,1,1,0,1,0,1,1,0,1,0,1,0,0,1,1,1,1
34906.5837416323,14.0557726053521,14.5518888928927,7.5639015971683,5.99763793870807,1,1,1,1,1,1,0,1,1,1,0,0,1,1,0,1,1,0,1,0
62812.8256597536,12.0666153193451,13.9273841911927,6.10538738546893,8.98359979270026,0,0,1,0,0,1,0,1,1,1,1,1,0,1,1,0,0,1,0,1
9737.20688370706,7.625371592585,13.5630872915499,5.75817129807547,14.7651872737333,0,0,0,1,1,1,1,1,0,1,0,0,1,1,0,0,0,1,1,1
48172.3670447237,13.5107621946372,6.23533075442538,5.38526446791366,9.19745918596163,1,1,1,1,0,0,0,0,0,1,1,1,1,1,0,1,0,1,1,1
78365.1698872319,8.33605515072122,7.2165473876521,14.2193152173422,10.2837463119067,1,1,1,1,1,0,0,1,1,1,0,1,0,1,1,0,1,0,0,0
64872.1892975851,10.7828426756896,11.9027217756957,12.3441133042797,12.7667371253483,0,1,1,1,1,0,1,1,1,1,1,1,0,0,1,0,0,0,1,1
64067.2702653719,9.32773130247369,11.4877212583087,7.76294294511899,8.43807417433709,1,1,1,1,1,0,1,0,1,1,1,0,0,0,1,1,0,1,0,1
28249.6631403325,5.51595323020592,5.91445192229003,8.515303095337,5.63312479062006,0,1,1,0,0,1,0,1,0,0,0,1,0,1,1,1,0,1,0,1
113028.333534282,12.2980328788981,10.955695847515,13.6842391151004,9.22396751353517,1,0,1,0,1,1,0,1,0,0,1,1,0,1,0,1,1,0,0,1
72699.7093735873,10.481704142876,14.4437823793851,12.7054926194251,14.6588487131521,1,1,1,0,0,1,0,1,1,0,1,0,0,0,1,1,1,0,1,0
69475.9033306735,12.5122198555619,6.2865765299648,14.914390956983,8.47077841637656,0,1,1,1,1,1,1,1,1,1,1,1,1,1,0,0,0,0,1,1
14731.4183200567,5.50771164707839,10.2470188890584,14.776806847658,10.1578241586685,0,1,1,1,0,1,1,0,0,1,0,0,1,1,1,1,0,1,1,1
59589.5762504686,12.149662123993,14.318757080473,8.43368733068928,9.64089726330712,0,0,0,1,1,0,0,1,1,0,1,1,0,1,1,0,0,1,1,0
60269.5100499843,7.97694456763566,9.41982066258788,13.9329923922196,11.3904734631069,0,1,0,0,1,0,1,0,1,1,1,1,0,0,1,1,0,0,1,0
70355.0283206825,7.8347720974125,9.01971613289788,11.4434919506311,9.23357359832153,0,1,1,1,0,1,1,1,1,1,1,1,1,0,1,1,0,0,1,0
31053.2412198789,13.2987712742761,8.65522500360385,7.94057350140065,9.41393998451531,0,0,0,1,0,0,1,0,1,1,1,0,1,1,0,1,0,1,0,0
44821.6016559661,5.86395375197753,10.7282997737639,7.82546579372138,7.63596662785858,1,0,0,1,0,1,0,1,0,0,1,0,0,1,1,1,1,0,0,1
14786.3148721084,5.42657118989155,6.06167400954291,5.55148402228951,5.18031655810773,1,1,1,0,0,1,0,1,1,0,0,1,0,0,0,1,1,1,1,1
68755.7563132664,8.48740808898583,11.572138320189,14.9824550142512,8.55064074741676,1,0,1,0,1,0,1,0,0,1,1,1,0,0,0,1,1,0,1,0
88223.6905699731,10.423360101413,13.0047915782779,14.6060971985571,9.27008934319019,0,0,1,1,1,0,0,1,1,0,1,1,1,1,1,0,1,1,0,0
35834.7227503948,11.094608635176,6.60081139067188,6.40312851639464,7.31903690146282,0,1,0,1,0,1,0,1,1,1,0,1,0,1,0,1,1,0,1,0
62044.5168543301,7.71372098475695,9.99149806331843,14.5660233241506,14.558021244593,1,1,1,1,1,0,1,0,1,0,1,1,1,1,1,0,1,1,1,0
71130.421189724,7.05230931984261,6.38865772867575,13.8069960940629,7.08026508335024,0,1,1,1,0,1,0,1,1,0,1,1,0,0,1,1,1,0,1,0
50511.5673514328,8.8163214828819,11.8859821022488,7.32670544181019,14.5061572059058,0,0,1,1,1,1,0,1,1,0,1,0,0,1,0,1,1,0,1,1
60303.2193815091,9.7255811537616,9.80641926405951,13.0774123896845,12.2165067656897,0,0,1,1,1,1,0,1,0,0,1,0,1,1,1,1,0,1,1,1
93957.2922862041,13.3551794989035,7.0781287481077,14.2730901250616,14.1033280175179,0,1,1,1,1,0,0,1,0,0,1,1,1,1,0,0,0,1,1,1
60936.9944082575,6.21471496298909,12.1772133558989,13.2411622419022,7.97320246696472,1,1,1,0,1,1,1,1,1,0,1,1,1,1,1,0,1,1,1,0
95764.584628003,11.7580812494271,8.33421071292832,13.5279717948288,14.1945783677511,1,0,0,1,1,0,1,1,1,1,1,1,0,0,1,1,1,1,1,0
98297.1978190027,9.96685219928622,10.2942738402635,13.4724318585359,14.2923826398328,0,1,0,1,1,1,1,1,0,1,1,1,1,1,1,1,1,1,1,0
127816.123513401,14.0223774779588,10.9349874872714,12.8799211303703,9.51877318322659,1,1,1,0,1,1,0,1,0,0,0,1,1,1,1,1,1,0,0,0
90185.7468759142,10.5126396683045,12.5988901196979,12.3005358246155,10.5015227058902,0,1,1,1,1,1,1,0,1,0,1,1,1,0,1,0,0,1,0,1
24636.8629199747,6.2856467650272,5.39695909479633,7.86808314500377,11.2085323408246,1,0,0,1,0,1,1,1,0,0,0,1,0,1,0,1,1,1,0,0
59090.4869500738,9.42009785678238,11.311799522955,12.2846929100342,13.0992373055778,1,1,0,0,1,0,1,1,0,1,0,1,1,0,1,1,0,0,0,1
86359.8632158929,6.92297696368769,6.70349805383012,10.470378047321,8.01265498856083,0,1,1,1,0,0,1,1,1,0,1,1,0,1,1,1,0,1,1,1
44331.2658918714,9.34900622116402,12.0725658582523,6.85957584530115,8.16515680402517,1,1,1,1,1,1,1,1,1,1,1,1,1,0,1,1,1,0,1,1
60593.0627115745,7.25133402971551,7.64722274616361,8.53126357542351,10.9923437400721,1,1,0,1,0,1,1,1,1,1,1,1,1,0,1,1,1,0,0,1
72859.9802207996,14.6109628211707,5.80322445603088,11.7437833198346,5.12450620764866,1,1,1,1,1,0,1,0,1,0,0,1,1,1,0,1,0,1,0,0
69943.8891927123,9.48427465045825,12.132072695531,13.2069864263758,13.4378964896314,0,1,1,0,1,0,1,1,1,0,1,1,1,1,1,1,0,1,0,1
71207.6079715824,12.7714498527348,12.5081412214786,8.53937219595537,10.0623072800227,1,1,0,0,1,1,1,0,1,1,0,1,1,1,0,1,0,0,1,0
31649.2341785687,6.58219774486497,6.70225525507703,9.15153437526897,13.7195445760153,1,0,1,1,1,0,0,0,1,0,1,1,0,1,1,0,0,0,0,0
75515.5481597899,13.6680858256295,7.14822159614414,14.9774563056417,13.7121800449677,0,0,0,0,1,0,0,1,1,1,1,1,1,1,0,0,0,1,0,1
47120.0609953824,7.06145605770871,6.36855290038511,13.6833192920312,8.96550850011408,1,1,1,1,1,1,0,1,1,1,1,0,0,1,1,1,1,1,1,1
104412.976862534,6.77949683042243,8.20704787038267,12.680357710924,9.69946179073304,1,0,0,0,1,1,1,1,0,1,0,0,0,1,0,1,1,1,0,0
45737.3968079719,6.6489114635624,11.5965331322514,10.0653362064622,5.66386350896209,1,1,1,1,1,0,1,0,0,0,0,1,1,0,1,1,1,1,1,0
56479.9934273488,10.6526897731237,9.58246603375301,12.9969125520438,8.28624356072396,1,1,1,0,1,0,0,0,1,1,0,1,0,1,0,0,1,1,0,1
31786.8252915673,12.2718102112412,7.21783839398995,6.26471027033404,13.2276922208257,1,0,1,1,1,1,0,0,1,1,0,0,1,0,0,0,1,1,0,0
54961.4211447387,13.7591898906976,5.49691615626216,5.13221191940829,11.0259833978489,1,1,1,1,1,1,1,1,1,1,0,0,1,1,1,1,1,1,1,0
84061.8664360219,12.084243837744,13.4296749532223,13.5773249901831,13.9829729753546,1,0,1,1,0,0,1,0,1,1,1,1,0,0,1,0,0,1,1,1
37870.252663329,9.7746321093291,9.60355976829305,5.92177655082196,10.0532243959606,0,1,1,1,0,1,0,1,1,0,1,1,1,0,1,1,1,1,1,1
115306.730520959,13.2027999358252,5.44669063994661,11.2721113907173,14.8897085268982,0,1,1,1,1,1,1,1,0,1,0,1,1,1,1,0,0,0,1,0
14702.214197526,5.16612210776657,8.30020109890029,6.64368582423776,6.67551916325465,0,0,1,1,0,0,1,1,1,1,1,1,1,0,0,0,1,1,1,1
47254.3794866875,14.9611110123806,8.50482023321092,7.56299218395725,6.95148942992091,0,1,0,1,1,0,0,1,1,1,0,1,1,0,0,1,0,1,1,0
34589.3857227028,11.3489483576268,7.36220998689532,7.78576380573213,14.5127135142684,0,1,1,1,1,0,0,0,1,0,1,1,0,1,1,0,1,1,1,0
83422.1811259313,9.2847538087517,7.09322826238349,7.17877135844901,10.2592481183819,1,1,0,1,1,1,1,1,1,0,1,1,1,1,0,0,1,1,0,1
60286.4368165882,5.28392932843417,7.89584968937561,7.85013138549402,9.10963997012004,1,1,1,0,1,0,0,1,0,1,1,0,0,0,1,0,1,1,0,1
34615.5356338201,12.5333270058036,7.99830043222755,6.70079083181918,13.5622618044727,1,0,0,1,0,0,1,0,1,0,1,1,1,1,1,1,0,1,1,0
41871.5851409144,7.0863397535868,13.9352400391363,12.4009585822932,5.64434760482982,1,1,1,1,1,1,0,1,1,0,1,1,0,0,1,1,1,0,1,0
84230.9538898403,14.9945540516637,12.62660629116,9.90103221265599,8.72116355923936,0,0,1,1,0,1,1,1,0,1,1,1,0,0,1,0,0,1,1,0
57805.703623778,14.072491931729,6.0402936860919,9.06209272332489,5.90842710342258,0,0,1,1,1,1,1,1,0,1,0,1,1,0,0,1,0,1,0,1
73463.8290602934,12.1246503177099,12.5866954843514,13.8515494228341,14.621725671459,1,1,0,1,1,1,0,1,1,0,1,1,0,0,1,1,1,0,1,1
63235.2091086751,12.3093288391829,9.14733785670251,8.82631018292159,12.0178067358211,0,0,0,1,1,0,1,1,1,1,0,1,1,0,1,1,0,0,0,0
79738.0546484372,9.72487921128049,7.2103567654267,12.6267217588611,5.50147098489106,1,0,0,0,1,0,1,1,0,0,0,0,1,0,0,1,1,0,1,1
54888.1996243102,13.6251068697311,5.0671869982034,13.8289081654511,14.1822958225384,0,0,1,1,0,1,1,1,1,0,1,0,0,1,0,0,1,0,1,1
38421.9042715108,6.65415122406557,5.30250542564318,8.31475715618581,7.17005230952054,1,1,1,0,0,0,1,1,1,0,1,1,1,1,1,1,0,1,1,0
67173.8765029382,11.2042792560533,7.50101836863905,5.17474827123806,13.7005005893297,1,1,0,0,0,0,1,1,0,0,1,1,1,1,0,1,0,0,0,1
81928.5735588225,7.9233139497228,7.20494979294017,12.8102536988445,10.0617379834875,0,1,1,1,1,0,0,1,1,1,0,0,1,0,0,0,1,0,0,1
70000.8304058886,9.56141733797267,8.08080991730094,9.70790860708803,9.95468375971541,1,1,1,0,0,0,0,1,1,0,1,1,0,1,0,1,1,1,1,0
16233.2652247852,5.4563920898363,14.0889258380048,5.50334490137175,10.3796517429873,1,1,1,1,1,1,1,1,1,0,0,1,0,1,1,1,1,0,0,0
48688.9420714835,6.77661752095446,14.3850277364254,13.0604199436493,13.2647758559324,0,1,1,1,0,0,1,1,0,0,1,0,1,1,1,1,0,0,1,0
67141.8284008526,5.57932067895308,9.91904604947194,12.498820158653,13.3919879468158,0,0,1,1,1,1,1,1,0,1,0,1,1,0,0,0,1,1,1,0
59009.8968838434,14.4441023352556,6.68020266341045,13.5874713468365,12.846092893742,1,0,0,0,1,0,1,1,1,1,1,0,1,0,0,1,0,1,0,1
54417.45042062,8.42743474291638,6.88894553110003,14.1580921504647,11.6576618049294,0,1,1,1,0,1,0,1,1,1,0,1,1,0,0,1,0,1,1,0
65347.2180946966,10.1795057067648,6.91555221565068,9.18453009799123,10.3464116761461,1,0,0,1,1,1,1,1,1,1,0,0,1,0,0,1,1,0,0,0
85748.8324852379,11.2524533527903,10.0348193803802,13.4811172401533,13.6826209281571,1,1,1,1,1,0,1,0,1,0,0,0,0,1,0,0,0,0,0,1
53179.2439047754,7.3726485366933,5.81112153828144,8.32284449134022,10.130833464209,1,1,0,1,1,0,0,1,1,0,1,1,0,1,1,1,0,0,1,0
33334.604240374,10.1612391439267,12.9469655058347,6.45493195159361,7.29753721505404,0,1,1,1,1,0,1,1,0,1,1,0,1,0,1,0,0,1,0,1
66651.2175331315,13.0654182774015,10.7134723011404,9.27703554742038,14.3977139261551,1,0,1,1,1,1,1,1,0,1,1,1,0,1,1,0,1,0,1,0
38764.0778490015,8.48264734493569,14.6892960718833,7.89761925814673,5.19512019352987,1,1,1,0,0,1,1,0,1,1,1,1,1,0,0,1,1,0,1,0
54030.6986297055,13.5868745297194,13.7576876883395,8.33205586997792,5.08088933071122,0,0,0,1,0,1,1,0,1,1,1,1,1,1,0,1,1,0,0,1
32178.7149003141,5.34438761183992,12.0585316000506,8.89244145480916,5.58098398847505,1,0,1,1,0,1,0,1,0,1,1,1,1,1,0,0,1,1,1,1
69078.8837675101,14.7099714586511,6.15354677662253,8.35560646606609,10.6644451827742,1,0,0,1,1,1,1,0,1,1,1,1,1,1,0,1,0,0,1,1
72605.9250795726,12.4511013622396,6.60992347402498,6.09029030194506,8.13704824773595,0,0,0,1,0,0,1,0,1,0,0,1,1,0,1,0,1,1,0,1
35448.1019296813,7.73255241801962,8.35154334548861,5.87896955898032,8.43427519313991,0,1,0,0,1,1,0,1,1,1,0,1,0,1,1,0,1,1,0,1
62826.5978049978,11.7710610153154,14.8860918544233,14.0448572090827,5.13055456103757,1,0,1,1,1,0,0,1,0,0,1,1,0,1,1,0,1,1,0,1
32279.8296817347,8.47947468049824,14.1407894250005,9.22072264598683,5.4041906259954,1,1,0,1,1,1,0,0,0,1,0,1,1,1,1,0,1,1,1,1
53821.9680634642,14.4702052162029,10.3509718016721,5.30896787764505,6.17725794902071,0,1,0,0,1,0,0,0,1,0,1,1,0,1,0,1,0,0,1,0
32427.2147145306,8.38623774936423,7.46893692528829,10.9255259274505,7.43890297133476,0,1,0,0,1,0,0,1,0,1,0,1,0,1,0,1,0,1,0,1
34948.4213735485,5.31713203992695,14.2234681802802,9.40376072656363,12.2912950022146,0,0,1,0,0,0,1,1,1,0,0,1,1,0,1,0,1,0,1,1
47006.4560176645,8.5358579759486,12.5348961702548,7.88693242240697,9.44461869541556,0,1,1,1,0,1,1,0,1,1,0,1,1,1,1,1,1,0,0,0
65859.4835791576,8.87123587774113,14.0350731345825,9.27234515780583,14.3500550440513,1,0,1,1,1,0,0,1,1,0,0,1,1,0,1,1,0,0,0,1
44853.0291359841,8.56947160093114,11.515481560491,6.32784375688061,8.23390742531046,1,0,0,1,1,1,1,0,0,1,1,0,0,0,1,1,1,0,0,1
34563.1346638518,14.5996860601008,5.2077916264534,9.68888859497383,11.4135339763016,1,1,0,0,0,1,1,0,0,1,1,1,0,0,0,1,1,1,1,1
35610.5953273078,8.83738204836845,5.95879027619958,5.51483632298186,13.3744145045057,1,0,1,1,1,1,0,0,0,1,1,1,1,0,1,1,0,1,1,0
107752.725868425,10.4633762105368,14.4958696421236,9.83534810133278,14.5036458875984,1,0,1,1,1,1,1,1,1,1,1,0,1,0,0,0,1,0,1,1
33702.6343187061,14.2532347585075,13.8817658857442,8.490731860511,12.540296735242,1,1,0,0,0,0,1,0,0,1,1,0,1,1,1,1,1,1,1,1
77626.4072121918,14.168595271185,9.5623399131,13.7794376048259,10.3565132478252,0,1,1,0,1,1,0,0,1,1,1,0,0,1,1,0,0,1,1,0
66150.7068126585,7.4273299286142,12.8674386092462,14.5752245537005,6.333693403285,0,1,1,1,0,0,1,1,0,0,0,1,1,1,1,0,1,1,1,1
67965.2303352748,12.170908388216,7.01026756782085,8.27358053298667,12.6687741838396,0,1,0,1,0,0,1,1,0,1,0,0,1,1,1,1,1,0,0,0
33559.9922224863,8.48946035839617,8.12703200615942,7.88251393241808,12.0594839029945,0,1,1,0,1,1,1,1,0,0,0,0,0,1,0,0,1,0,1,1
51036.6779150309,10.542833507061,10.2976180939004,14.7458521160297,12.1050361730158,1,0,0,1,0,1,1,0,1,0,1,1,1,0,1,1,0,1,1,1
54247.8375764075,12.4297241307795,6.82999437209219,7.62172886403278,12.8235693532042,1,0,0,0,1,1,0,1,1,0,1,1,1,0,0,1,0,1,1,1
111154.656792349,13.1969831860624,10.3240564116277,13.0636506574228,13.0127945775166,1,0,1,0,0,1,1,0,0,0,1,1,1,1,0,0,1,1,0,1
114473.397538676,13.696572650224,8.48113585729152,14.9729363666847,6.1659358930774,1,1,1,1,1,1,1,1,1,1,0,0,0,1,0,1,1,1,1,1
59899.4911207614,5.35865134326741,10.1024816185236,13.58123119222,8.77908694790676,1,1,1,0,0,1,1,1,0,1,0,0,1,0,1,1,0,1,0,1
19875.3191494328,7.20024403417483,12.92195686372,5.25158696807921,9.02350739808753,1,0,1,1,0,1,1,0,0,1,1,1,1,0,0,0,1,0,0,0
24377.810698217,8.669732096605,9.41210551187396,5.38935452466831,13.0263645132072,0,1,0,1,1,0,0,1,1,1,0,0,1,0,0,0,1,1,1,1
41513.4525808516,8.05696442024782,7.86292243981734,10.5666848202236,14.5094354497269,0,1,1,0,0,1,1,1,1,0,0,1,1,0,1,1,1,0,1,0
69266.3998049337,12.2783045750111,14.3356032273732,7.19660270027816,13.475366269704,1,1,0,1,1,1,1,1,0,0,0,1,0,1,1,0,1,0,0,1
120974.513246052,11.9972876622342,5.30451064696535,12.4681443953887,11.9253188441508,1,0,1,1,0,1,1,0,0,1,1,0,0,1,1,1,1,1,0,1
64489.7958486585,14.1006092680618,13.4898560075089,10.4845194215886,11.2409831606783,1,0,0,0,0,1,0,1,0,1,1,0,1,0,1,1,0,0,1,1
104102.38363738,13.4560260968283,9.43182719638571,8.16101830685511,13.186028173659,1,1,0,1,1,0,1,1,0,1,1,1,1,1,1,1,1,0,0,1
43118.7866547678,12.7854464016855,11.3207523338497,6.98190840892494,7.33433319721371,0,1,0,1,0,1,0,0,1,1,1,1,1,0,1,0,0,1,1,0
72098.7985488285,9.00843428215012,12.7991435700096,13.8173202099279,14.6047455025837,0,1,1,1,1,0,0,0,1,0,1,1,1,0,0,1,0,0,1,0
19164.2242395616,10.7680465886369,7.80473912833259,6.61363870836794,7.90163034573197,1,0,0,1,0,1,0,0,0,1,1,1,1,0,1,0,0,1,1,0
28208.7219994234,5.76359446160495,6.23204056639224,12.8971630823798,10.5054446938448,0,0,1,0,0,0,0,1,0,1,1,1,0,0,0,1,0,0,1,1
77639.552783938,13.7297485070303,13.9343318692409,14.2175824777223,8.58176430221647,1,1,1,1,1,1,1,0,1,0,0,1,1,1,1,1,0,1,1,1
74940.2163152499,14.5628573559225,9.05973301967606,10.2126063918695,11.0486767697148,1,0,1,1,0,1,1,1,1,0,1,0,1,0,0,1,0,0,0,0
46554.3538886962,10.0553107983433,12.5510823051445,5.20364382537082,7.11742294486612,1,1,1,0,0,0,0,1,0,0,0,0,0,1,1,0,1,0,1,0
85881.6642717184,14.2436636378989,6.10817262437195,6.21535250218585,13.5993743059225,1,1,0,1,1,1,0,0,0,1,1,0,1,0,0,0,1,0,1,1
10709.6806128584,6.34513532742858,8.38309313636273,7.20305431401357,9.36106740962714,1,0,0,0,1,1,1,0,1,1,1,0,1,0,0,0,0,1,0,1
32556.694141921,7.38737003179267,10.4649319103919,11.2678495887667,10.0373756955378,0,0,0,1,0,0,0,1,1,1,1,1,1,0,0,1,0,0,0,1
71096.6687810508,9.89962622057647,8.12132046790794,12.1650341246277,14.6295447531156,1,1,0,1,0,1,1,1,1,0,0,1,1,1,1,0,0,1,1,1
19689.7110428201,9.74060096777976,9.47294557001442,8.74187414767221,11.4959239540622,0,1,1,1,0,1,0,1,1,0,1,1,1,0,1,1,0,1,1,1
83152.1869964214,9.34994159033522,9.04281071387231,9.30000867228955,5.25824378011748,1,1,1,0,1,0,0,1,1,1,1,1,1,0,0,1,1,0,1,0
21498.9297152561,5.39248960092664,9.86564260907471,6.8782216636464,7.97026187414303,0,1,1,0,1,0,1,1,0,0,0,0,0,1,1,1,1,1,0,0
30975.5817040126,11.443310151808,9.39168035285547,6.7068098206073,5.90560077689588,0,1,0,1,0,1,1,0,1,1,1,1,1,1,1,1,1,1,0,0
107351.314477743,12.1556720021181,7.6686362712644,10.601218547672,7.053826241754,1,1,0,1,0,1,1,1,1,0,1,0,1,0,0,0,0,1,1,0
102496.381827226,8.51666721282527,11.5187783655711,14.5200569112785,12.3473603068851,0,1,0,0,0,0,1,1,0,1,1,1,0,0,1,0,1,1,0,0
63525.1617591054,14.4655674882233,7.39049473078921,12.1882802597247,9.81394119327888,1,0,1,1,0,0,0,1,0,1,0,0,1,1,0,1,0,1,0,1
64821.5316839342,12.4310650723055,13.1331562274136,11.1107857921161,6.11308732768521,1,1,1,0,1,1,1,0,0,0,1,1,1,1,1,1,0,0,1,1
14409.409133632,5.50785920349881,13.0824450333603,9.68449970474467,7.86782261449844,1,0,1,1,0,0,0,1,1,1,1,0,0,1,1,0,1,1,1,0
45613.7382382604,14.8036478087306,10.8904474787414,5.25951432064176,7.48929928988218,0,0,1,0,0,1,1,1,1,0,1,0,1,1,0,1,1,1,0,1
80936.0553048395,7.17822452541441,10.4186685965396,13.0199469788931,12.8432715730742,0,1,1,0,0,1,1,0,1,0,1,1,1,1,1,0,0,1,0,0
27042.2653035207,5.36196002038196,5.46547611244023,8.29534132033587,11.2351368041709,1,0,1,1,0,1,1,1,1,0,1,0,0,1,1,0,0,1,1,0
25185.1979177466,7.607038654387,9.25855690613389,5.06018908461556,7.58632601238787,0,1,1,0,0,1,0,1,1,1,1,1,1,1,0,1,1,1,1,1
81288.6228087914,12.204157859087,11.4063982130028,14.4285026961006,13.0772699671797,0,1,1,1,0,1,1,1,0,1,1,1,1,0,1,0,0,1,0,0
66214.3611985648,7.47894181171432,5.00656347954646,12.6988771278411,7.17685875017196,0,1,0,1,1,1,0,0,1,1,0,0,0,1,0,0,1,1,1,1
56675.0514391593,7.34915791545063,13.6638836050406,14.7615937679075,13.1315268506296,1,1,0,0,1,0,0,0,1,1,0,0,1,1,0,1,1,1,0,1
14985.3268967501,5.21011842880398,6.01045170566067,7.8400175482966,6.83654573513195,0,1,0,1,1,1,1,0,1,1,0,1,1,1,0,1,0,1,1,0
58853.7328881824,7.64620627742261,5.95739741344005,12.4825496366248,9.22136834356934,0,0,1,1,0,1,1,1,0,1,1,1,0,1,1,1,0,0,1,0
71988.8496238149,11.9180161948316,12.7724037109874,11.1276734084822,13.7045495561324,0,0,0,1,1,1,1,0,1,1,1,1,1,1,1,1,1,1,1,1
45231.0244316064,5.34669391112402,5.2951141144149,10.1280143065378,7.73905560839921,1,0,1,1,1,1,0,1,1,0,1,0,1,1,1,1,0,1,1,0
73183.5706394116,5.62786129536107,8.42071880353615,13.744372385554,8.50553413154557,1,1,1,0,0,0,0,1,1,1,1,0,1,0,1,1,1,1,1,0
28307.2692001318,8.97706091869622,12.8631587396376,5.13281904160976,9.31047111283988,1,0,1,1,0,1,1,1,0,0,0,1,1,1,0,1,0,1,0,1
60239.4478359836,9.90028424886987,6.13462525652722,10.5549566005357,7.76496699312702,1,0,0,0,1,1,1,1,1,1,1,1,1,1,1,0,0,1,1,1
167136.186687365,11.3104874757119,8.50252757081762,14.2409657966346,6.86723860213533,1,1,0,1,0,1,0,1,0,0,1,0,1,1,1,1,1,1,1,0
87179.9601085976,12.2340431227349,8.30213881796226,10.354298830498,9.50251520145684,0,0,1,1,0,1,1,1,0,1,1,0,0,1,0,1,0,1,0,0
36149.1869264075,5.76765792444348,11.9667666964233,7.27849250426516,10.9923143172637,1,1,1,1,0,1,0,1,0,0,1,0,1,1,1,1,1,0,1,1
14809.567610025,9.21446080552414,8.53614302352071,5.04267239244655,8.14657122828066,1,1,0,1,0,0,1,1,0,0,0,0,1,1,0,1,1,1,0,1
68667.8528216833,14.737266858574,9.0617906791158,11.7474200646393,9.47396357310936,1,1,1,1,1,1,1,1,1,1,0,0,1,1,1,1,1,0,0,0
22628.291112617,13.1380578340031,8.08029898675159,6.11760105704889,14.5264364266768,0,0,0,0,1,1,1,1,1,1,0,1,1,1,1,1,0,1,1,1
16794.3768815006,7.23767722956836,14.5920293452218,6.14785871468484,10.7778397505172,1,1,1,0,1,1,0,0,1,1,1,0,0,1,1,1,0,1,0,1
68035.4326690827,9.89742305828258,11.9026885274798,12.7311737136915,12.5364259514026,1,0,1,1,0,0,0,0,0,1,0,0,1,0,1,1,1,1,0,1
27628.9551436071,5.1134019298479,13.8573951134458,12.2597095719539,11.4547081058845,1,0,1,0,0,1,1,1,1,0,0,1,1,1,0,1,1,1,0,1
35813.6541538196,7.58602296933532,14.3585513951257,5.78397578094155,7.33412826899439,1,0,0,0,0,0,1,0,1,1,0,1,1,0,1,0,0,0,1,1
15397.9674288922,9.54598771873862,12.4407990160398,5.05108484998345,8.30395067110658,0,0,0,1,1,1,1,0,0,1,0,1,1,1,1,1,0,0,0,0
60408.7289771856,12.4097668821923,13.3844615682028,9.55259998561814,11.1870867526159,1,1,0,0,1,1,1,1,1,1,1,1,0,1,0,1,1,1,0,1
138601.06281598,14.9066001176834,12.9935678350739,14.890256349463,6.25777411507443,1,1,1,1,1,1,1,0,0,1,1,1,1,1,0,1,0,0,1,1
45077.0956263735,8.32204946083948,13.9364029234275,11.1944824527018,11.0166387702338,0,0,1,0,0,0,1,0,0,0,0,0,0,1,1,1,1,0,1,0
48687.3868236151,14.4479140546173,13.3113700291142,7.37372878007591,10.3695827280171,1,1,1,1,0,0,1,1,0,0,0,0,0,0,1,0,0,1,1,0
65033.0463542747,14.6185341989622,8.70750101283193,8.61664640251547,13.6970031377859,0,1,1,1,1,1,1,0,0,0,1,1,1,1,1,1,1,0,1,1
124988.166558082,13.9927749964409,13.7197976582684,12.4262232286856,12.4569817422889,1,0,0,1,0,1,0,1,1,0,1,1,1,1,0,0,1,0,0,0
38031.9728639528,9.92715835105628,13.007615969982,6.97317335521802,8.78239997662604,0,1,1,0,1,0,0,1,0,0,0,1,1,1,1,1,1,1,1,0
31121.697064027,12.8493547788821,6.77284543635324,5.26214233366773,12.9970554681495,0,0,1,1,1,0,0,1,1,0,0,1,1,1,1,1,1,1,1,1
45654.5873563876,13.0311904707924,6.63277692859992,5.7198397279717,12.9519832925871,0,1,1,0,0,0,1,1,1,0,1,1,1,1,1,1,0,1,1,1
119492.684837265,11.7776762368158,14.4448910537176,10.8183258236386,13.6563789937645,1,1,1,1,0,1,0,0,1,1,0,1,1,1,0,1,0,0,1,0
98479.4962946734,10.8127757860348,9.44637601496652,11.042070647236,13.799812188372,0,1,1,1,1,0,1,1,0,0,1,1,0,0,1,1,1,0,1,1
74673.022911094,8.30668087350205,5.78392590163276,14.826049041003,12.2312339115888,1,1,1,0,1,1,1,1,0,1,1,1,1,1,1,1,1,0,0,1
20925.2957861373,5.01314656576142,14.8557162424549,5.28237121878192,14.7593891597353,0,1,1,1,0,1,1,0,1,1,0,0,1,0,1,0,0,1,1,1
42050.4010497143,5.65801964141428,5.15838218387216,13.6213881894946,10.1529633416794,1,1,0,0,1,1,0,1,1,1,1,0,1,1,1,1,1,0,1,0
32423.9890262484,5.85951917339116,9.94882507016882,6.7742281104438,9.85600592568517,1,1,0,1,0,1,1,1,1,1,1,0,1,1,1,1,1,1,0,1
54038.4115540676,5.13109716819599,9.26626244327053,11.5962274675258,10.5724580702372,1,1,1,1,1,1,1,0,0,1,0,0,1,1,0,1,1,1,1,1
56281.0584939891,8.35745624266565,8.80065433681011,9.55581671092659,10.2836807817221,0,1,0,1,1,1,1,1,0,1,1,0,1,1,1,1,0,1,0,0
27868.706795279,6.19264316512272,12.369443832431,8.15793792251498,9.58122504409403,0,1,0,1,0,1,0,0,1,1,0,0,0,1,1,1,0,0,1,1
45301.3562266044,10.9359544538893,7.79538352275267,6.67213704204187,13.9131398266181,0,1,0,0,0,1,1,1,1,1,1,1,1,1,1,1,1,1,0,1
33501.3593330111,5.37312675733119,11.5628387196921,9.29882332216948,6.480611350853,0,1,1,1,0,1,0,0,1,1,0,0,1,1,1,0,1,0,1,1
34874.5658160089,5.09571791859344,12.7972610271536,9.35299002565444,11.1247797426768,1,1,1,1,1,1,1,1,0,1,1,1,0,1,1,1,1,1,1,1
31373.5894378536,6.61596125923097,12.2205250570551,14.9881330830976,5.68868559086695,1,0,0,1,1,0,1,0,1,1,1,0,0,0,0,1,1,1,0,1
132842.843914425,13.3189898822457,14.8240604437888,13.0515620391816,10.854288006667,1,0,1,1,1,1,0,1,0,1,1,1,1,0,1,1,1,1,1,0
57410.3207040533,12.668427543249,10.4332271707244,8.3691137121059,10.6568914442323,1,0,0,1,0,1,0,1,0,0,1,1,1,0,0,1,1,1,1,1
49333.0055064142,7.72780316416174,11.5988783864304,10.0721997045912,14.1548394341953,1,1,0,1,1,1,1,1,0,1,1,1,1,0,1,0,1,1,0,1
37368.1198855624,6.88163298880681,7.75039361324161,7.90489595383406,6.49619069648907,1,1,1,1,1,1,1,1,1,0,1,1,0,1,0,1,1,1,1,1
91896.485864265,7.25761834764853,8.96944124717265,10.5458832532167,13.1234775600024,0,0,1,1,1,0,1,1,1,0,1,1,0,0,0,1,0,1,1,1
53211.484567274,5.61970367562026,10.5918457871303,7.65910958871245,11.7530483868904,1,1,1,0,1,1,1,0,1,1,1,0,0,0,0,1,1,1,1,1
53062.3073701643,5.59900240972638,14.8095029545948,14.4507704535499,10.0698702805676,1,1,1,1,1,0,1,0,1,1,1,0,1,1,0,1,0,1,0,1
27403.004135468,6.48155870381743,14.6496677608229,6.26765631139278,12.3917290032841,1,1,0,0,0,1,1,0,1,1,0,1,0,1,1,0,0,0,0,1
19033.0448172656,5.7298788591288,7.18039868399501,9.55688889371231,5.51144202472642,0,1,1,0,1,0,1,0,1,0,1,1,1,1,1,1,1,0,1,0
37687.0936134598,5.42885891860351,8.93170869676396,11.5430252673104,14.8531625815667,0,1,0,1,0,1,1,1,1,1,1,0,1,0,1,1,1,0,1,1
62372.2913224481,10.2246127231047,13.7108448380604,11.1235254700296,9.60024709580466,0,1,0,0,0,1,1,1,0,0,1,1,1,1,1,1,1,1,1,0
51677.6255438951,12.8923148941249,11.915888634976,10.6894426723011,12.5541342236102,0,1,1,0,1,0,1,1,0,0,0,0,0,1,1,1,0,1,0,1
39919.8670446518,11.9475334812887,8.36751536931843,5.23632943397388,13.7068603746593,1,0,0,1,0,1,0,0,1,0,1,1,1,1,0,0,1,0,1,1
56922.9607511826,5.6657604733482,11.9048167392612,13.8338689319789,10.4868264566176,1,0,0,0,0,1,0,1,0,1,0,1,1,0,0,1,0,1,1,0
53022.8273787964,5.17957746516913,6.53450242243707,10.1226163748652,8.04611256578937,1,0,1,0,0,0,1,1,1,1,1,0,0,0,1,1,0,0,0,0
52645.8234915287,9.42158423364162,13.9039880759083,11.7073000781238,9.43828173680231,0,0,0,1,1,0,1,0,0,0,1,0,0,1,1,0,1,0,0,1
23007.2796131582,6.57602083170786,13.8844602880999,7.23625832237303,5.1049804338254,1,0,0,0,1,1,1,1,0,1,1,0,1,1,1,1,1,1,1,1
59974.7987743071,12.1886011585593,6.38003347441554,6.02729415055364,7.1842639404349,1,1,1,1,1,0,1,0,1,0,0,1,1,1,0,0,0,0,1,1
35633.9035317829,12.0394183252938,5.35949215991423,6.10473620006815,11.0822950373404,0,0,1,1,0,1,1,1,0,1,0,0,1,0,0,0,0,0,1,1
55611.3988221374,13.8522630487569,8.55017149820924,8.75896577723324,9.92604058701545,1,0,1,0,1,1,0,1,1,0,1,0,0,1,0,0,1,0,0,0
85908.2174228128,8.25261015212163,8.78946078242734,13.4191673132591,7.66913446364924,1,1,1,0,0,0,0,0,1,1,1,0,0,1,0,1,0,1,0,0
121858.341593412,14.7088156663813,11.1477669817396,10.386203227099,9.55080438172445,1,1,1,1,0,0,0,1,1,1,1,1,1,1,1,0,1,0,1,0
124181.021173064,14.8482026625425,10.0618944060989,9.91406876128167,9.55606433562934,1,1,0,0,1,0,0,1,1,1,1,1,1,1,1,1,0,1,1,0
63997.2530044171,5.39184717694297,8.37955133058131,14.8783133807592,8.75456908717752,0,1,1,1,0,0,1,0,1,1,1,1,0,1,1,1,1,1,0,1
129521.580404158,13.9357128809206,8.29129653051496,13.2775258133188,9.54577426193282,1,0,1,0,0,0,0,1,1,1,0,0,0,1,0,1,1,0,0,0
47256.3689307245,13.2239915127866,10.7329703844152,6.46671165479347,9.39759082626551,1,1,1,1,0,0,1,1,1,1,1,1,0,0,0,1,1,1,1,0
37013.1822087223,12.2424469282851,5.50710043637082,6.81809379486367,6.17943446617573,0,0,0,0,1,0,0,0,0,1,1,1,1,1,0,0,1,0,1,1
51561.7034884559,7.88920137798414,9.0096298744902,9.07244702801108,11.817738506943,1,1,1,1,1,0,1,1,0,0,1,0,0,1,0,1,0,1,1,1
24612.2340813615,10.0194860459305,7.60631043696776,5.08148348191753,9.3031023000367,0,1,1,1,0,1,1,1,0,0,1,0,1,0,1,1,0,1,1,0
72547.5469363484,9.28347001317888,6.68699683854356,12.8629770781845,11.1657921364531,0,0,1,1,1,0,0,1,0,0,0,1,1,0,1,1,1,1,1,0
62937.6260587354,11.1001601605676,5.59731005690992,10.6471639522351,8.01091517088935,1,0,0,1,1,1,0,0,1,1,0,1,0,0,1,1,1,1,0,0
67962.357477161,14.2611317406408,5.5258213612251,7.65264114132151,11.4958219463006,1,0,1,1,0,0,0,1,0,1,0,1,0,0,1,0,0,1,1,0
41503.9736798413,7.40123257739469,14.7277024784125,13.2721297582611,9.1250918013975,1,0,0,1,0,1,1,1,0,1,0,0,0,0,0,1,1,0,1,1
23368.0078869249,7.71881833905354,12.9460759018548,8.24715558206663,5.90788384899497,0,0,1,0,1,1,1,1,0,1,1,0,0,0,0,0,0,1,0,1
104150.146267055,12.3500364646316,5.31667701667175,14.9452993134037,7.90173517307267,0,1,0,1,1,1,1,0,0,1,1,0,0,1,1,1,1,1,0,1
33058.2634745438,12.5154587300494,10.4328480502591,7.39496344001964,11.7548705171794,0,1,0,1,1,1,1,1,1,0,1,1,0,1,1,1,0,1,1,0
99869.7780725269,14.3059192085639,5.17597033409402,13.1251194491051,8.30508293118328,1,0,1,1,1,1,1,0,0,0,0,1,1,1,1,1,1,1,1,1
39356.9083876744,9.62730274768546,12.7666989807039,5.36619544262066,8.24328920803964,0,1,0,1,0,0,0,0,1,0,1,0,0,0,1,1,1,1,0,1
107524.938237796,13.6069117672741,12.5730149331503,13.5552702937275,7.85146335838363,1,0,1,0,1,1,1,0,1,1,0,1,1,1,0,1,1,1,1,0
14222.8466506336,8.12036419520155,5.1054814667441,5.01161998137832,7.78623543214053,1,1,0,1,1,1,0,1,0,1,1,1,0,1,1,0,0,1,1,1
45019.1742296275,7.08039013436064,13.1791408197023,7.69030461087823,14.6544674830511,0,1,1,0,0,0,0,1,1,1,1,0,0,0,1,1,1,1,0,1
44113.4666149433,14.2082746722735,13.5634587658569,9.61208982625976,7.97905803890899,0,0,1,1,0,1,1,0,0,0,1,1,1,1,1,1,1,1,1,1
46870.3812453752,5.52736884215847,9.22309697605669,11.3790138624609,12.2500550327823,0,0,1,1,1,1,1,1,1,1,1,0,0,1,0,1,1,0,0,1
38092.3971083245,9.11155431065708,11.3429570524022,5.97352838143706,12.9218685789965,0,0,1,0,1,1,0,0,1,0,0,1,1,0,0,1,0,1,1,1
66966.0997272021,9.56341215176508,9.18075025547296,8.17276554880664,11.1933050095104,1,1,1,0,0,1,0,1,1,1,1,0,1,1,0,0,1,0,1,0
44171.371217693,9.15860247565433,8.24664350133389,10.758077360224,8.194895980414,1,1,1,1,1,0,0,1,0,0,1,1,1,1,1,0,0,1,1,0
72420.1770443179,11.7035345174372,12.6578722591512,11.6350805829279,14.5709802443162,1,1,1,1,0,1,0,1,1,0,1,0,0,1,1,1,0,1,0,1
96280.6868125227,12.5690408004448,12.0465551316738,12.913513132371,7.32967448653653,1,1,0,1,1,1,0,0,1,0,1,1,1,0,0,1,1,1,1,0
51478.0230626053,14.1165131446905,14.190513570793,6.18293810170144,6.86017915839329,1,1,1,0,0,0,1,1,1,1,0,0,1,0,0,0,1,1,1,1
57684.0608871388,13.1995208584704,11.1013655131683,7.31169059406966,8.81750602275133,0,1,1,1,0,0,1,1,1,1,0,0,0,0,1,1,1,1,0,1
51490.1722999794,5.93649852555245,5.55854860460386,8.50582031533122,12.1685865777545,0,1,1,0,1,0,0,0,1,1,1,1,1,0,0,0,1,1,1,1
16458.1440443214,6.77906081313267,12.3615213506855,9.58335949108005,14.4557251874357,0,0,0,0,1,1,1,1,0,1,1,1,1,1,1,1,1,1,1,1
43643.3635022867,11.422145802062,14.0396791836247,5.72190977167338,6.5568385203369,1,0,1,1,1,1,0,0,1,1,1,1,1,0,1,1,1,1,1,1
40381.1868587337,13.7428299384192,12.0181487989612,7.43369071977213,10.3652287763543,1,1,0,1,1,1,0,0,1,1,0,0,0,0,1,1,1,0,1,1
48845.8583602893,10.9231335041113,10.7769950828515,10.1825450221077,8.1489395070821,0,0,1,1,1,1,1,0,0,0,1,1,1,1,1,0,1,0,0,1
28736.3620171947,7.62432192219421,10.6583925103769,10.0125443888828,13.241236328613,0,0,0,0,0,1,1,1,0,1,1,1,0,1,1,1,0,1,1,1
97009.5336440796,13.8375226408243,8.67175505962223,11.7452978808433,11.9546651816927,0,1,1,1,1,1,0,1,1,1,1,0,0,0,1,1,1,1,1,0
26022.7956340664,6.87689346261322,10.5692170956172,6.99540129397064,11.3408110314049,0,1,0,0,1,0,1,0,1,1,1,0,1,0,1,0,1,1,0,1
80302.0952042333,9.88866982283071,13.9709016983397,10.2295278338715,7.87778243655339,1,0,0,0,1,0,1,0,0,0,1,1,0,1,1,1,0,1,1,0
29658.3386236567,5.09820487117395,7.72230607224628,7.46978639159352,9.0752325206995,0,1,1,1,1,0,0,1,0,1,0,1,1,1,0,0,0,1,0,1
51038.8940027897,8.60434043221176,13.2633316540159,7.615110501647,8.14674406545237,1,1,0,1,1,1,0,1,1,0,1,0,1,0,1,0,1,1,0,1
102490.294966894,9.42161690909415,11.7599566257559,13.0122181796469,12.4950655945577,1,1,1,1,1,1,0,1,1,1,0,1,1,1,1,1,1,0,1,0
51418.6352143561,6.25729221384972,13.9936690917239,9.05676354188472,14.2961451248266,0,1,1,1,1,0,1,1,0,0,0,1,1,1,0,1,0,1,0,1
75715.7935518084,11.243645476643,7.96659813495353,7.66299674520269,13.5057551646605,1,1,0,1,1,0,1,1,0,1,0,1,0,1,0,0,1,0,1,0
34684.1782144796,8.02431331714615,8.85464416816831,5.50201542209834,14.4455688470043,1,1,1,1,1,0,0,1,1,1,1,1,1,1,1,0,1,1,1,0
42930.402436908,7.39637228194624,14.0534967696294,13.118524516467,14.073256731499,0,1,0,1,1,0,0,1,1,1,1,0,0,1,1,1,1,0,1,1
34102.6176195674,8.58629763592035,12.8117641061544,9.11933311028406,7.32429342810065,0,1,1,1,0,0,1,0,1,0,0,1,1,1,0,1,0,0,0,1
90815.0219399528,13.9291041251272,10.4255091771483,10.8945145527832,11.5267085144296,0,0,1,1,1,0,0,1,1,1,0,1,0,0,1,1,0,1,1,1
76945.5174721451,14.9062726506963,11.1628018599004,5.37902040407062,9.84728543786332,1,0,1,1,0,1,1,1,1,0,0,1,0,1,1,1,1,0,0,0
55607.5278363298,12.3242119746283,14.2573611601256,7.87367034470662,10.1012603007257,1,0,1,0,0,0,0,0,1,1,0,1,1,0,0,1,1,1,0,1
54203.5418302163,14.9278808827512,8.02508435444906,9.93830243125558,13.3934327191673,0,1,0,1,0,1,1,1,0,0,1,1,1,1,1,1,0,1,0,1
19294.4591143394,10.3978936211206,8.63235213793814,7.91815681150183,9.26904625957832,1,1,0,0,0,1,0,0,1,0,1,1,0,0,1,1,1,0,1,0
89361.0672888262,9.33801761828363,14.6056095021777,14.600310807582,5.31000884016976,1,0,1,1,1,1,1,0,1,0,0,1,1,0,1,1,1,0,0,1
80297.4114993895,14.6467367419973,9.19576285406947,11.2948783999309,10.8275938243605,0,0,0,1,0,0,0,0,0,1,1,1,1,1,0,1,1,1,1,1
52234.6773652368,6.48319643223658,10.6423950311728,12.5934791308828,8.30934877740219,1,1,0,0,1,1,0,0,0,0,1,1,1,1,1,1,0,0,0,1
28259.6059831114,5.66493055783212,13.0047633312643,7.25582466460764,11.8479816592298,1,1,1,1,1,1,1,1,1,1,0,1,0,0,0,0,1,0,1,0
56418.5594711791,5.24251488037407,9.78194958763197,14.3069928255863,13.2538412325084,0,1,0,0,1,1,0,0,1,0,1,0,1,0,1,0,0,1,1,0
107311.999950311,11.1242324183695,13.7166353268549,13.7801841692999,14.0721857664175,1,1,0,1,1,0,0,1,1,1,0,1,1,1,1,1,1,0,1,0
110256.947002812,11.9660874805413,12.0158742461354,14.1195428138599,11.4920839620754,0,1,1,0,1,1,0,0,1,1,1,1,1,1,1,1,1,1,1,1
60237.025757943,13.0114188720472,6.28366638207808,8.90361216617748,13.3882715017535,1,1,0,1,0,1,1,1,0,0,0,1,1,0,1,1,0,1,1,1
28818.6753594869,6.37730283895507,11.5163356484845,8.70715910103172,8.8142716162838,1,1,1,1,1,1,1,1,1,0,0,1,0,1,1,1,1,1,0,0
67605.1665183119,6.5978482272476,12.9950837325305,7.92225106153637,9.76444371510297,1,1,1,1,1,0,0,1,1,1,0,1,1,1,0,1,0,1,0,1
76636.9796840916,14.8883359297179,7.40165151190013,11.4188382495195,6.57628252869472,1,1,1,1,1,1,1,0,0,1,0,1,1,1,1,1,1,0,1,0
15743.9667976545,8.98645695531741,13.6399533296935,8.89997333055362,9.82225521700457,0,0,1,1,0,1,1,1,0,0,1,1,0,0,1,1,1,0,1,0
27306.3881628833,6.87911816174164,9.7879485716112,5.33800093224272,12.9097140650265,1,0,0,0,0,1,1,1,1,1,1,1,1,0,1,1,1,0,0,1
40535.5693225652,9.77728241123259,8.2974161580205,10.8398018614389,12.4921632371843,1,1,1,0,1,0,0,0,0,1,1,0,1,1,1,0,1,1,1,1
71881.8041496775,10.4423402273096,14.9542561592534,13.1427959003486,14.2780779511668,0,0,1,1,1,0,1,1,0,1,1,1,1,0,0,1,1,1,1,1
20552.6243313788,8.28157980693504,12.5954221445136,10.7228089822456,7.16535674873739,0,0,0,1,1,0,1,0,1,1,1,1,1,1,1,0,1,1,1,0
65033.8505712923,14.9993059365079,9.71064956625924,7.36031974665821,5.14217727584764,0,1,1,0,1,0,0,0,1,1,0,1,1,0,1,1,0,1,1,1
26256.0938351762,10.2778183599003,7.57584369974211,6.13631349755451,6.74274896737188,0,1,1,0,0,1,1,1,0,1,0,0,1,1,1,1,0,1,1,1
55155.324381096,6.33734508184716,8.83511227555573,13.2652185903862,8.42614099383354,1,0,1,1,0,1,1,1,0,0,0,1,1,0,0,1,0,0,0,1
98204.5270412714,9.38540067756549,7.97953611938283,14.3997301883064,11.6892956080846,0,1,0,1,0,1,1,0,1,0,1,1,0,0,0,1,1,1,0,0
59626.5939801987,11.2079393980093,12.6862628431991,5.30661622062325,14.7385092964396,0,1,1,0,1,0,1,1,0,0,0,0,1,1,0,1,0,0,1,1
10822.8731666775,7.02912412118167,9.29740472929552,5.41125382529572,11.410427140072,0,1,1,1,1,0,1,0,0,0,0,0,1,1,1,1,0,0,0,1
43258.8861785204,6.34169772733003,11.5596689819358,13.7430975493044,11.8614950636402,1,0,0,0,1,0,1,0,0,1,0,0,1,1,0,1,1,1,0,1
56023.8365782363,12.7683399803936,7.42656880989671,8.52220267057419,12.7947928756475,1,1,1,1,0,0,0,1,0,1,0,1,1,0,1,0,1,0,1,0
88011.1466061081,11.3594984868541,7.95184599701315,8.07485260767862,9.19920344604179,1,1,0,0,1,0,0,0,0,1,0,1,1,1,1,1,1,1,0,1
63760.2406080391,7.82136296620592,14.2991936183535,13.7118188617751,9.60893222130835,0,1,1,0,1,1,0,0,1,1,1,0,0,1,1,0,0,1,0,0
51732.7663522252,6.91259456099942,6.39465735759586,14.2305116029456,6.21075234143063,1,1,0,1,1,1,0,1,1,1,1,1,1,1,1,0,1,0,0,1
64662.2214111389,7.65536719933152,9.82361179543659,9.90252809599042,14.0125033049844,0,1,1,0,1,1,1,1,0,1,0,0,1,1,1,1,1,1,1,0
54376.7330926768,10.308087929152,13.017257086467,9.92284960579127,8.55748583329841,1,0,0,1,1,0,1,0,1,1,0,1,0,1,0,0,1,1,1,0
37568.4399658736,11.8486090400256,8.35298122605309,6.85023497324437,11.6770506231114,1,1,0,0,0,1,1,0,0,1,1,0,1,0,1,1,1,1,0,1
36087.1863474389,8.83283393690363,10.4730092780665,7.61712845647708,12.7631108718924,0,0,1,1,0,0,0,0,0,1,1,1,1,1,0,0,1,0,0,1
44374.9810179239,14.5498799835332,5.50613763742149,8.48247224697843,6.85593011556193,1,1,1,0,1,1,0,1,0,0,0,0,1,1,0,1,0,1,1,0
34242.6155207599,6.18356580613181,11.8518483522348,11.908534814138,10.7839496084489,0,1,1,0,1,1,1,1,0,1,1,1,1,0,1,0,1,0,1,0
21534.9500781338,5.39100055349991,10.2601656853221,6.40372309833765,7.52629090100527,0,1,1,1,1,0,0,1,1,0,0,0,1,1,1,1,1,1,1,1
58854.5930071641,10.0450503290631,8.854014640674,9.76776043185964,8.2464949414134,0,0,1,1,1,0,1,1,1,0,0,1,1,1,1,1,0,1,0,1
101132.320763119,10.7848255522549,7.1807816834189,13.3261981001124,11.6079699504189,0,1,0,1,1,1,1,1,0,0,1,0,0,1,1,0,1,0,1,0
54667.1037024002,13.393039079383,5.49256036290899,7.65586382243782,6.78630486363545,1,1,0,1,1,1,1,0,1,0,0,1,1,1,1,1,0,0,0,1
39456.7760502976,11.544449753128,8.38603851385415,12.7523473347537,11.7851004330441,0,0,1,1,1,1,1,0,1,1,1,1,1,0,1,1,1,1,1,1
58274.0037647253,14.4452833989635,10.2754284045659,6.85494924196973,9.57113965414464,1,1,0,1,1,1,1,0,1,1,1,1,1,1,0,1,0,0,1,0
39267.9450376847,10.1165762962773,8.60099533572793,8.90233527868986,8.88722285628319,0,1,0,0,1,1,1,0,0,0,0,1,1,1,1,1,1,1,1,0
54620.5537351511,5.84921059198678,14.91589037003,14.92025062209,6.14360031438991,0,1,1,1,1,1,1,1,1,0,1,1,0,1,1,0,0,1,1,1
48135.3336278211,14.9477050942369,5.4635811294429,6.46795924985781,11.7732947156765,1,0,1,0,0,1,1,1,0,1,0,1,1,0,0,0,1,0,1,0
22173.037973278,9.01444119866937,5.71901893941686,6.71145766507834,14.9626209633425,0,1,1,1,1,1,1,0,1,1,1,0,1,1,1,1,1,1,0,0
31498.9613746449,13.9564629667439,11.7636723048054,6.32664274657145,7.78721609618515,0,0,1,1,1,1,1,1,0,0,0,1,1,1,1,1,1,1,0,1
77260.1823243807,13.768584120553,6.62359612528235,12.1197082917206,14.420786332339,1,1,1,0,0,1,1,1,1,1,0,0,0,1,0,1,1,0,0,0
91869.7227844874,7.96484797960147,10.8037379267626,14.1185174998827,14.9169512465596,1,0,1,0,0,0,0,1,1,0,0,0,1,0,1,0,0,1,1,1
40198.8265526918,6.32591909728944,5.90765853878111,9.16281843557954,12.5124703231268,0,0,0,0,1,1,1,0,0,0,0,0,1,1,1,1,1,1,1,1
32281.8906158446,7.65910907648504,11.5609916113317,12.8483547503129,9.04681587824598,0,0,0,1,1,0,1,1,0,1,1,1,1,0,0,1,0,0,1,1
27712.5041638736,5.05727542797104,8.57506583211944,6.54373486759141,10.4633722710423,1,0,0,1,1,1,0,1,1,1,0,0,1,0,0,0,0,1,1,0
81312.5658854637,13.1960182148032,7.34025480225682,5.12291917810217,6.95008994778618,0,1,1,1,1,1,0,0,1,1,1,0,0,1,0,1,1,0,0,1
26677.136694654,6.74661678960547,14.1643033595756,5.82235444802791,8.20495689753443,1,1,0,1,0,1,0,1,1,1,0,1,0,0,1,1,1,0,1,1
57964.481657458,13.4308055206202,5.30555000295863,10.19093003124,11.9160893280059,0,1,1,0,1,0,0,1,1,0,1,0,1,1,1,1,1,0,1,1
12529.9709034294,6.6671216674149,9.39074041554704,5.68292502546683,14.6757082967088,1,0,1,0,1,0,1,0,1,1,0,1,1,0,1,1,1,0,1,1
71602.8438569321,12.6401943503879,14.7369032120332,13.1059233425185,10.5510008172132,0,0,1,0,1,1,1,0,0,1,0,0,1,1,0,1,1,1,1,1
42680.0860266974,10.189380873926,8.99140807567164,5.79855440882966,5.98283372586593,1,1,1,1,1,0,1,1,1,0,1,1,1,1,0,1,0,0,0,1
44468.7776814287,7.72685303352773,14.1976986569352,6.54718979028985,6.33114165859297,1,1,1,0,1,1,1,1,1,1,0,1,1,0,0,0,1,1,1,1
33397.2647777654,8.43203135766089,5.9876387566328,5.67296150140464,13.316574303899,0,1,1,1,0,1,0,1,0,1,1,1,0,0,1,0,0,1,0,1
61385.8883889003,12.0507534011267,8.20667010033503,9.37049824511632,7.74033985100687,0,1,0,0,1,0,1,1,0,1,0,1,0,1,0,0,0,1,1,1
81495.8778531664,10.9153530118056,10.2601906238124,12.5368945929222,10.919410311617,0,0,1,0,0,1,1,1,0,0,1,0,0,1,0,1,1,1,1,1
64242.3185589614,9.69379037618637,5.73335424996912,5.12162594590336,12.5981103954837,1,1,0,0,1,1,0,0,0,1,1,0,0,0,1,1,0,0,0,1
39109.4911114926,8.36376605555415,13.4974175179377,9.06420856714249,13.0580752063543,1,1,0,0,1,1,0,0,1,1,0,0,0,1,1,1,1,1,0,1
66472.9249474177,14.678374286741,9.23058009007946,9.1165281063877,5.88542650686577,1,1,0,0,1,1,0,0,0,0,0,1,0,0,1,1,1,0,0,0
55069.4913148728,11.4584188372828,14.8809607303701,14.7720352932811,14.2094077868387,1,1,1,1,0,1,1,0,1,0,1,0,0,0,0,1,1,1,1,1
34211.4876650393,6.96301169227809,9.78874128777534,7.2140681813471,6.23503281967714,1,1,1,0,0,0,1,1,1,0,1,1,1,1,1,1,1,0,0,1
37285.3190617926,8.57180385151878,14.0569400554523,12.3671110696159,9.948079676833,1,0,0,0,0,0,1,0,1,1,1,0,0,0,1,0,0,1,0,0
60556.52331042,10.1301808212884,5.18505930900574,13.2375319488347,14.8074221122079,1,0,1,0,0,1,1,0,1,1,1,0,1,1,1,0,0,1,1,1
114567.496818073,13.8299674051814,6.92143822088838,14.5034393575042,10.8014483540319,1,1,1,1,0,1,0,0,0,0,1,1,0,1,1,0,1,1,0,1
57003.069620848,6.52667565271258,8.84307020576671,5.98523869179189,10.8211395167746,1,1,0,1,1,0,1,0,0,0,0,1,1,1,1,0,0,1,1,1
71192.8906471883,7.30461597442627,8.07436424074695,11.9241895037703,5.02668022643775,0,1,1,0,0,1,1,1,0,1,1,1,1,1,1,1,1,0,0,1
35379.3396769469,6.62988578435034,10.2829125337303,7.8422638704069,13.9755016332492,0,1,1,1,0,0,1,0,0,1,1,1,1,1,1,0,0,1,1,0
110804.094008051,11.1434685904533,12.2822568169795,13.0107503430918,9.3722825567238,1,1,1,0,1,1,0,0,0,0,1,0,0,0,1,0,1,1,1,1
92002.2417670922,10.0163644389249,14.5355653436854,13.3179471478797,5.25546548888087,1,1,1,1,1,0,1,0,1,1,1,1,1,1,0,0,0,1,0,1
91807.0065939715,6.88118888065219,9.95994127122685,11.7983855842613,12.9719334165566,1,1,0,0,0,0,1,1,0,1,1,0,1,1,0,1,1,0,1,0
56847.8331275129,9.07714852597564,6.32017247145995,9.16039432166144,11.1160701373592,1,0,1,1,1,1,0,1,0,1,1,0,0,1,1,1,1,1,1,1
27891.3567729567,10.8238804689609,11.0846875561401,8.43821749091148,14.8568454547785,1,0,0,1,1,1,1,0,1,0,0,1,1,1,1,0,0,0,0,0
33343.4286507036,8.08929065009579,14.9186857952736,7.96874676598236,7.65707401791587,0,1,1,1,0,1,0,1,1,1,0,1,1,1,1,0,1,1,1,1
73534.1812430956,9.80965640163049,5.94709668075666,13.2213360536844,6.25878216233104,1,1,1,1,1,0,1,1,1,0,1,1,1,1,1,1,0,1,0,1
88964.9753512508,14.3939479230903,13.9528345712461,10.0087985605933,12.2268332098611,0,0,1,0,1,1,0,0,0,1,0,1,0,0,1,0,0,0,1,1
30950.1421414076,5.46040548244491,8.34860897623003,9.96786301257089,10.9143974306062,1,1,1,1,1,1,0,0,1,0,0,0,1,1,0,0,1,1,1,1
62773.05584756,10.3486172971316,9.72178465919569,8.64361931569874,14.3263669498265,0,1,0,1,1,0,0,1,0,0,1,1,0,1,0,1,0,1,1,1
85250.2842908671,9.4266078225337,6.77117969840765,13.4938148106448,10.0903461268172,1,0,1,1,0,1,1,1,0,1,1,1,1,0,0,1,1,0,0,0
38715.0066891487,14.0636546956375,8.51655028294772,8.13532576197758,9.93974732002243,1,0,1,1,0,1,0,0,1,1,1,1,1,1,1,1,1,1,0,1
58421.2639448197,13.8104238174856,6.76559115527198,7.12108394829556,14.1607259889133,1,1,0,1,1,1,0,0,1,1,1,0,1,1,0,1,1,0,1,1
29807.0055981776,6.63241116330028,11.5304577816278,10.8579345862381,13.9900863426737,0,0,1,0,1,1,0,0,1,1,0,0,1,1,0,1,1,0,0,0
121575.923835987,12.5219076569192,7.36101077171043,13.4236685070209,9.02743290644139,1,1,1,1,1,0,1,1,1,1,1,1,1,1,1,1,0,1,1,1
28225.5515835947,9.02987202163786,13.971640043892,6.25383907929063,8.49582931725308,1,0,0,1,0,0,1,1,1,1,1,1,1,0,0,0,1,1,0,1
81878.4111817757,10.5695269349962,8.39147608028725,8.77530383877456,9.97955291066319,1,0,1,1,1,1,0,0,1,1,0,1,1,1,1,0,1,1,0,0
61022.4742251365,5.80169281922281,14.2379611171782,11.7160371225327,14.3492918205447,1,1,0,1,0,1,0,0,0,0,1,1,1,1,0,1,0,0,1,0
33800.0440126777,6.16568592377007,9.97738852631301,6.87768460484222,6.67773051653057,1,1,0,1,0,0,1,0,1,0,1,0,1,1,1,0,0,1,1,1
53704.3641111932,14.2519256123342,10.6984137953259,10.0475902366452,14.0234712115489,0,1,1,1,1,1,0,0,1,1,0,0,0,0,0,0,1,1,1,0
42015.2440474514,13.7884424068034,12.3677973891608,5.27286847354844,9.9227158469148,1,1,1,1,0,0,1,1,1,0,0,0,1,1,0,0,1,1,0,1
30858.9276883769,6.63207626901567,7.14827520074323,9.96297850972041,10.657163108699,1,0,0,1,0,1,1,0,0,1,0,1,1,1,1,0,1,0,1,1
125476.464213269,10.3156390134245,8.05312757613137,14.4735171087086,6.23295781202614,0,0,0,0,0,1,1,0,1,1,0,0,0,0,0,1,0,0,0,0
36478.0750611637,14.2979216831736,13.6349986121058,8.81182133918628,12.5453014741652,0,1,0,1,1,1,1,0,0,0,0,0,1,1,1,1,1,1,1,0
48594.9018097005,8.25715993763879,6.95720054209232,11.9821372628212,9.37593105249107,1,1,0,1,1,1,1,1,1,1,1,0,0,1,1,0,1,0,0,1
49906.6982220062,6.60794630879536,13.5094550158828,11.8876580847427,11.3469473295845,1,1,1,1,1,0,0,0,1,1,1,1,1,0,1,1,1,1,1,0
87878.4527337743,14.4970791786909,14.4697095779702,9.77730676764622,7.74012912530452,1,0,1,0,1,1,1,1,1,1,1,0,1,0,1,1,1,1,1,1
86200.4125797544,9.62357048643753,7.74561112048104,7.73347614100203,11.3313183141872,1,1,0,1,0,0,1,0,1,0,0,1,0,0,1,1,0,0,1,0
92542.8347965598,7.20770887332037,13.3985604951158,12.5691633229144,9.34864879352972,1,1,0,1,1,1,1,1,0,0,1,0,0,0,1,1,0,1,1,0
13672.0859167209,5.02019232604653,6.43855765694752,7.4753206060268,10.6452602497302,1,0,1,0,1,1,0,0,0,1,1,0,0,0,1,1,0,1,0,1
46022.8496656006,11.1919260327704,12.5705037126318,10.213394833263,7.47051591286436,1,0,1,0,0,0,1,0,1,1,1,1,1,1,0,0,0,1,1,1
32029.6372451177,9.0250592213124,9.46126565570012,11.1284324084409,12.8428863990121,0,1,1,1,0,0,0,1,0,0,0,0,1,1,1,0,0,0,1,1
35915.3418213933,14.0003261063248,14.5543177635409,5.95049976371229,14.518416384235,1,0,1,0,1,1,1,0,1,1,1,1,0,1,1,1,1,0,1,1
73387.0371656587,10.0588198448531,11.3532506045885,10.6575876381248,9.55953462049365,1,0,1,0,1,0,0,0,1,0,0,0,1,0,1,0,1,1,0,0
19488.0522790948,12.2648708103225,6.64100986905396,5.16874161548913,7.83772777765989,1,0,1,0,1,0,1,1,0,1,0,1,0,1,0,1,0,1,1,0
29361.1119418459,5.27486614882946,9.06969435280189,6.99878882383928,8.42663529329002,0,0,1,1,1,1,0,0,1,0,1,0,0,0,0,0,0,1,1,1
47286.7244552255,8.79413213115185,14.7976002679206,9.17583800852299,9.8585698986426,0,0,1,0,1,1,0,1,1,0,0,1,1,0,1,0,1,1,0,1
31870.5902980433,8.86744662187994,6.46939058788121,7.05506088444963,11.8973963311873,1,1,1,0,1,1,0,0,0,1,0,1,1,0,1,1,1,1,0,0
36332.6623229832,8.37820725282654,13.899851848837,8.77221406903118,8.45660754246637,0,0,1,0,0,1,0,1,1,1,1,1,0,1,1,1,1,0,0,1
43999.1235819014,8.64431851310655,6.96703487541527,5.76451717875898,8.38154233060777,1,0,1,1,1,1,0,1,1,1,0,1,1,0,1,0,1,1,1,1
54060.8572215232,11.387559697032,11.2058707186952,6.44973995629698,12.626135146711,0,0,0,1,1,1,1,1,1,0,0,0,0,0,1,0,1,1,1,1
49449.8957966119,5.32914327457547,12.9254099307582,10.5359195405617,5.067830667831,0,1,1,1,1,1,0,1,1,1,1,0,0,1,0,1,1,1,0,0
64159.1103732679,11.9619258842431,12.3379553668201,11.617425607983,13.9750360534526,0,0,0,1,1,1,0,1,1,1,0,1,1,1,1,1,1,0,1,1
101027.063078964,13.1556417467073,12.5172033952549,12.3564750445075,12.9977619368583,0,0,0,0,1,1,1,1,0,1,1,1,1,0,1,1,0,0,0,1
54259.8137193644,10.0742285349406,10.2445635921322,8.76209417590871,8.60625884961337,0,1,1,1,1,1,1,1,0,0,1,0,0,1,1,0,0,1,0,0
47741.0987371642,6.12592625897378,11.2995162350126,13.6875715269707,14.1178615367971,1,0,1,0,1,1,0,1,1,0,1,1,1,1,0,0,1,1,0,1
95955.3974762762,14.0632330114022,9.55877244705334,12.9547004657798,6.52605408104137,1,1,1,1,1,0,1,0,0,1,0,0,1,0,0,1,0,1,0,0
80633.7430698954,9.13338953163475,7.54004830028862,13.218030219432,13.8927844748832,0,1,1,1,0,0,1,1,0,0,1,0,0,1,1,1,1,1,1,1
76073.1645743179,9.73755787825212,5.57485993485898,14.0169531246647,11.5899305976927,1,0,1,0,1,1,0,1,1,1,1,1,1,1,1,1,1,0,1,0
103999.175157918,12.1371418004856,9.35303197940812,14.8250734130852,14.3572460813448,1,0,1,1,0,0,0,0,1,1,1,0,1,1,1,1,0,1,0,1
38585.2401724737,7.41871210513636,12.7113498048857,7.6595108048059,12.0185886672698,1,1,1,1,0,1,1,1,0,0,0,1,1,1,1,1,0,0,0,0
31609.5347536774,7.99640627577901,6.29155446076766,12.8709837049246,11.1131899734028,1,1,1,0,1,1,1,1,1,1,0,1,1,0,1,0,0,1,1,1
40225.1542363735,12.0447882148437,14.839162628632,6.90747030079365,8.58254839899018,1,1,1,1,1,1,0,1,1,1,1,1,1,1,0,1,1,0,1,0
41103.2235854321,12.7167494804598,13.1417693290859,5.03749101655558,5.60394155560061,1,1,0,1,0,1,1,0,1,1,1,1,1,1,0,0,0,0,1,0
26401.4202845724,5.13840340543538,14.8168090102263,10.5699585890397,12.5230128341354,0,0,1,0,0,1,1,0,1,1,1,1,1,1,1,1,0,1,0,0
84172.3093801037,10.5131395347416,5.36339690210298,9.09749276237562,8.18713896907866,0,1,0,0,1,1,0,0,0,0,1,1,1,1,0,1,1,0,0,0
96285.1749114884,11.5246119047515,10.674140593037,14.229488002602,10.8059299830347,1,1,1,0,1,1,0,1,1,1,1,1,1,1,1,0,1,1,1,1
139041.614656278,14.3166070804,9.01718270266429,10.2106348378584,12.2068141819909,0,0,1,0,1,0,1,1,0,1,0,1,0,0,1,1,1,0,1,1
34422.3339687764,11.9039170513861,9.57046317867935,5.41392597835511,5.99474259885028,0,1,1,0,0,0,1,1,0,0,1,0,1,1,0,0,0,1,1,1
37734.3053111585,7.53767139045522,9.03324390063062,10.6585125136189,6.54046742012724,0,0,1,0,1,1,1,0,1,0,0,0,1,1,1,0,0,1,1,1
46860.5787498549,9.11038370104507,10.7220648182556,7.01182579621673,12.2926662419923,0,1,0,0,0,1,0,0,1,1,1,0,1,1,0,0,1,1,0,0
3478.49677064895,6.22891113162041,7.60250953026116,9.347148318775,9.72669267561287,0,0,1,1,0,1,0,1,1,1,1,1,1,1,1,0,0,1,1,1
18701.8245167501,6.3196655572392,13.7408756255172,7.3707205359824,6.15792007884011,1,1,1,1,1,1,0,1,1,1,1,1,1,0,1,1,1,1,0,1
122906.332372251,11.4011800824665,14.9308725190349,14.8686031112447,7.60285547934473,1,1,0,0,1,1,1,1,1,1,1,1,1,1,1,1,1,1,0,1
44744.4382987107,8.46423432230949,14.3020221753977,11.4610318257473,14.0701698325574,1,1,1,0,0,1,0,0,1,1,1,1,1,1,1,0,1,1,1,0
92428.5519837307,9.22756604617462,14.8652804503217,12.823847560212,12.8099387325346,1,1,1,1,0,0,0,0,1,1,0,0,0,1,0,1,0,1,1,0
73821.9716344297,14.3940888042562,11.5834266622551,14.9142155027948,11.4590778271668,0,0,1,0,0,1,1,1,1,0,1,0,0,0,1,1,1,0,1,1
93796.2934251019,8.83889230899513,8.02385349525139,13.1714116223156,10.2032328769565,1,0,1,1,1,1,0,1,1,0,0,1,1,0,1,1,1,0,1,1
21687.3991995199,7.28585131000727,13.6742018186487,8.213550534565,14.4922044035047,0,1,1,1,0,0,1,1,1,0,1,1,0,0,0,1,1,1,1,1
35212.0205783811,11.9027868588455,11.7125956108794,5.98005588166416,9.68320977408439,0,0,1,1,1,0,1,1,0,1,1,0,0,0,0,0,0,0,0,1
38552.6196678617,5.0985791743733,9.89199620904401,8.34871634608135,9.61921581998467,0,0,1,1,1,0,1,1,0,0,0,1,0,0,0,0,0,1,1,1
48902.999701943,11.8613089434803,11.285839099437,5.18853323999792,14.5708885951899,1,0,1,0,1,1,1,1,1,0,1,1,1,1,0,1,1,1,1,1
50551.0133549033,12.9167459602468,11.9066007086076,5.44275123858824,5.59376144781709,1,0,1,1,0,1,1,0,1,1,0,0,0,1,1,0,1,1,1,1
59156.4475246582,10.0749348872341,11.7229148535989,12.7720629051328,11.8787266942672,0,0,1,1,1,1,1,1,1,0,0,1,1,1,1,1,1,1,1,1
15069.3863476847,8.08076248969883,13.8211774942465,6.48822394898161,5.82166681764647,1,0,0,1,1,1,0,0,1,0,0,1,1,1,0,0,1,0,0,0
102665.316840701,12.3721227725036,11.8773819808848,5.38475137669593,8.22109375149012,1,1,0,0,1,1,1,0,1,0,0,0,0,1,1,0,1,1,1,1
57537.9074466581,8.04715243401006,14.99863459263,12.789746709168,14.0074895019643,0,1,1,1,0,0,1,1,1,1,1,0,0,0,1,1,1,0,1,1
64537.9826323053,12.747087017633,7.5053632655181,5.18195661716163,10.6354096578434,1,0,1,0,0,0,1,0,1,0,1,1,1,0,1,1,1,1,0,1
25212.7686673607,6.12113637849689,9.78466552915052,7.28039027424529,7.71901450818405,0,1,0,0,1,1,1,0,1,1,1,1,0,0,1,1,1,1,1,0
81123.7388744935,12.9774369997904,5.15100698219612,13.5104761319235,13.486435408704,1,1,0,0,0,0,1,1,1,1,1,0,1,1,1,1,1,1,1,1
38101.4655383883,9.91001167334616,7.52019782550633,8.13316456740722,6.63559865672141,0,0,0,1,1,0,0,0,1,0,0,1,0,0,0,0,1,1,0,1
95043.3199616774,13.3291817479767,8.26658140635118,12.6604209258221,13.7076878221706,0,0,1,1,0,1,1,1,1,1,1,0,0,0,1,1,1,0,0,1
66349.2924004696,12.5842315494083,11.7213201220147,8.62029435578734,11.1883705481887,1,1,1,1,1,1,0,0,1,0,0,0,1,0,1,0,1,1,1,1
35718.1855778982,14.0214656083845,12.4844130384736,6.91251891199499,11.722518845927,0,1,1,0,1,1,1,1,1,0,0,1,0,0,1,1,1,1,1,1
30056.6192368262,7.78440013062209,8.42435503611341,9.75161754759029,8.98629139410332,1,0,1,1,1,1,1,0,1,1,1,1,1,1,0,1,1,0,1,1
34405.8962979307,9.45692849811167,7.80259827850387,7.47648052871227,10.4916442348622,0,1,1,1,0,0,1,1,0,1,0,0,1,1,1,0,1,1,0,1
50265.0805145685,7.72015735739842,12.3737811390311,14.4734250870533,6.42716804053634,0,1,1,1,1,1,1,1,0,0,1,1,1,1,0,1,0,0,0,0
20500.2979378619,8.29918325645849,11.2696939567104,7.07135492935777,13.4562274906784,0,1,1,1,0,1,1,1,0,1,0,0,1,0,1,0,0,0,1,1
63885.2932783589,13.6360065382905,11.3354170625098,13.9365660282783,5.05680604837835,1,0,0,1,1,0,0,0,1,0,1,1,1,1,0,1,1,0,0,1
76228.3257593181,6.09857953386381,7.15981491142884,14.6022761659697,10.1590198976919,0,1,1,1,0,1,0,1,0,1,1,1,1,0,0,0,1,0,1,1
77968.6344996925,9.02256899746135,14.0594102931209,14.7770968684927,8.26020995853469,0,1,0,1,0,0,1,1,1,0,1,1,1,1,1,0,0,1,1,0
30152.9713399516,9.06075093662366,10.8624593960121,5.677777484525,13.0463871173561,0,1,0,0,0,0,1,1,1,0,0,0,1,0,1,1,1,1,1,0
19168.4005481135,9.36479254858568,6.68583858758211,5.31839583069086,11.3848463678733,0,0,0,0,1,0,0,1,1,0,0,0,1,1,0,1,1,1,0,0
31454.088064775,6.77000096300617,11.831976918038,9.44838377181441,12.9001503135078,1,1,1,1,0,1,0,1,1,1,1,1,1,1,0,0,1,0,1,0
56609.0088384147,7.65730200102553,6.13990662852302,8.21784554049373,8.63552771275863,1,1,0,1,0,0,1,1,0,0,0,0,1,1,1,1,1,1,0,1
83269.9116594136,11.595500134863,10.2788504166529,12.232553944923,7.4921451904811,0,0,1,1,1,1,0,0,0,1,1,0,0,0,0,1,0,1,1,1
97180.1775864143,13.16055504838,14.4150960328989,13.5154989361763,9.41929542692378,1,1,1,0,0,1,1,0,1,1,1,1,1,1,0,0,0,1,1,1
15761.9261509971,9.21184344682842,6.48946444038302,9.86613508546725,5.84917731815949,0,0,0,0,0,1,0,0,0,1,0,1,0,0,1,0,1,0,0,1
58972.7888242466,6.60064304247499,10.8912152377889,8.80625841207802,8.25424087001011,1,0,1,0,0,1,1,1,1,0,1,0,0,1,1,1,0,1,1,0
40697.3017629524,7.88610127288848,13.7827644962817,9.17846131604165,12.4973594932817,0,1,1,0,1,0,1,1,1,1,1,1,1,1,0,1,0,1,0,1
55360.3645317288,13.0212900834158,6.78157206624746,11.2478813785128,10.9285844862461,0,1,0,0,0,0,0,0,0,0,1,0,1,1,1,1,1,1,1,0
15503.113574981,6.64245681837201,9.7083354764618,9.24331603571773,13.3382722712122,1,1,1,1,1,1,0,0,0,1,1,0,1,0,0,0,0,0,0,1
63375.0861672182,12.8979273512959,6.41462349332869,7.58250310318545,12.584289200604,1,0,1,0,0,1,1,1,1,1,1,1,0,0,1,1,1,1,0,0
110036.671693831,10.2421496994793,5.99382613552734,14.5841662120074,8.47114021424204,0,1,1,1,1,1,1,1,0,1,1,1,1,0,1,1,1,1,1,1
26358.2820239016,8.20035002660006,7.90351454168558,5.30818067025393,14.0767920576036,1,0,1,0,0,1,0,1,1,0,1,1,1,0,1,1,0,1,0,1
29618.8766612214,7.75177087867633,7.45475998381153,7.57467290386558,9.20871172565967,1,1,0,0,0,1,1,0,0,0,1,1,0,0,1,0,1,1,1,1
38563.7194073695,13.018980382476,12.2255932400003,6.13716734107584,5.57844228344038,0,1,0,0,1,1,0,1,1,1,0,1,0,0,0,1,1,0,1,0
21903.0885625134,6.04024431202561,10.3627455397509,7.42663489887491,11.7248187121004,0,1,1,1,1,1,1,1,0,0,0,1,1,0,0,1,0,1,1,1
75609.2836116992,13.3812226657756,7.99001172650605,14.7110305167735,10.8639568043873,1,0,1,1,0,1,1,1,0,0,1,0,0,1,1,0,0,0,1,1
43955.2123842404,5.7926287362352,6.99700410012156,13.5223280638456,12.5335984909907,1,1,1,1,1,1,1,1,0,1,0,0,1,1,0,1,0,1,1,1
47857.5353858741,12.1756406710483,14.1017706366256,8.96820490481332,9.00004534050822,0,1,0,1,1,0,1,1,0,1,1,1,1,1,0,1,0,0,1,0
76372.4818832627,13.6461782664992,5.32971204724163,9.80092798359692,13.1608715164475,1,1,1,1,0,1,1,0,1,1,1,1,1,1,0,0,1,1,1,1
106152.418660004,14.7855820809491,10.9632442519069,14.6311051724479,13.5380750638433,1,0,1,0,1,0,1,0,1,1,1,0,0,1,0,1,1,1,0,1
78238.1718588259,7.49126207549125,6.5090500889346,14.5967341889627,11.8162975506857,0,0,1,1,0,0,0,1,1,1,1,1,1,0,1,1,1,0,0,0
36562.4720007288,5.2486069034785,10.776482631918,13.071113137994,14.8689359962009,0,0,1,0,0,1,1,0,1,0,0,0,0,1,0,1,1,1,1,1
41419.3857441912,7.2297823196277,9.54476653132588,11.5549343312159,11.3030226272531,1,0,1,1,1,1,1,1,1,1,0,0,1,0,0,1,1,0,1,0
34681.2892798372,6.22025499586016,9.93808774044737,12.5884152343497,9.96866634814069,1,1,1,0,1,1,0,1,1,1,1,0,1,0,1,1,0,1,0,1
30760.7568262068,8.85239424882457,10.2620712039061,12.1088720997795,13.2984331343323,1,1,0,1,0,0,1,0,0,0,1,0,0,1,1,1,1,0,1,0
61396.1423320455,5.84330474492162,8.83012889884412,14.4776215637103,11.6585704358295,1,1,1,1,0,0,1,1,0,0,0,0,1,1,1,1,0,0,1,0
53118.9745366849,7.8258189978078,14.2889789608307,14.811890902929,12.7334830490872,1,1,0,1,0,0,1,1,0,1,1,1,1,0,0,0,1,0,0,0
53617.916671177,10.6658245879225,9.33417851105332,5.55899522965774,13.5459319665097,1,1,0,1,0,0,0,1,1,1,1,1,1,1,0,1,1,1,0,0
26044.4786107278,8.28542302362621,7.44762477930635,7.45401608990505,11.1919022304937,0,0,0,1,1,0,1,1,1,0,1,1,0,0,0,1,1,0,0,1
45412.2299122434,14.4347468274646,13.7625727150589,7.70933811087161,14.3595801666379,0,1,0,0,1,1,1,0,1,1,0,1,0,0,1,0,1,1,0,1
88576.588060179,8.77303513931111,6.82659917743877,14.0914955572225,10.8773990278132,0,1,1,1,1,1,1,1,1,1,1,1,1,1,1,1,0,1,1,1
124621.695974584,14.5331561239436,5.90323754353449,8.77033542841673,13.8485031295568,1,1,1,1,0,1,1,1,1,1,0,1,1,1,0,1,1,1,1,0
64314.3904356671,7.73252867627889,7.3915986972861,7.75055379373953,14.1861475957558,1,1,1,1,1,1,0,0,0,1,1,1,1,1,1,0,1,1,0,0
63054.8024720238,11.8733015609905,13.614304899238,6.78230443736538,5.19751701038331,1,0,1,0,1,0,1,1,1,0,0,1,1,1,1,0,1,1,0,0
42963.1644039381,6.36991804465652,13.3255550754257,9.73112887702882,14.9824781087227,1,1,0,1,1,0,0,1,1,1,1,1,1,0,1,0,1,0,1,1
70773.9828349201,13.1021077162586,8.62912645563483,8.98789879167452,6.23712329659611,1,1,1,0,0,1,0,0,1,1,0,0,0,0,1,1,1,0,1,1
30040.1491581636,12.6260469201952,6.87907135579735,6.31660763407126,10.4264245391823,0,1,0,0,0,1,1,1,1,1,1,0,0,0,1,1,1,0,1,1
28397.5074335926,9.42404833855107,12.6874596741982,5.18632237333804,8.80531461676583,0,1,0,1,1,0,0,0,1,1,0,0,1,0,1,1,0,1,0,1
28859.9324841643,9.56675694556907,9.40788447391242,11.2191746383905,9.73419066751376,1,0,0,1,1,0,1,0,0,1,1,1,0,1,1,1,0,1,0,0
30608.2728164693,11.8045508884825,9.76709238486364,5.78218956012279,14.7122613410465,0,1,1,0,1,1,1,1,0,0,1,0,0,1,1,1,0,1,0,1
52818.3579057079,5.7439790898934,14.8065696004778,11.599571199622,6.26493621617556,1,0,0,1,0,0,1,1,1,0,0,0,0,0,0,0,0,0,0,0
64983.8460059645,11.4662907505408,5.89181436924264,12.2932771919295,10.5639675818384,1,1,1,1,0,0,0,1,0,1,1,1,0,1,0,0,0,0,1,0
48128.7026870341,12.8991411160678,5.97385491710156,5.70688048843294,7.77810890227556,1,0,1,0,1,0,1,1,0,0,1,1,1,1,1,1,1,0,1,0
46030.0949924151,7.23316506715491,11.3566875993274,10.9542425652035,10.3677940159105,1,0,1,1,1,1,1,1,1,1,1,1,1,1,1,0,0,1,0,0
21393.1954275131,5.40943990461528,6.9853898906149,5.9079790324904,11.8386223330162,1,1,0,1,1,1,0,1,1,1,0,0,1,0,0,1,0,1,1,0
52482.9961457592,8.84648363338783,7.61605151230469,14.0387721336447,10.3935310663655,1,1,1,0,0,0,1,0,0,1,0,0,1,1,1,0,0,0,0,0
77418.7360649481,8.44092153944075,8.18762333597988,12.4208261724561,7.94583589071408,1,1,0,0,1,1,0,1,0,1,0,1,1,1,0,1,1,0,0,1
40033.5749307353,9.46368692209944,13.695766965393,8.68990367045626,12.2339980653487,0,1,0,1,1,1,1,1,0,0,1,1,1,0,1,0,1,1,1,1
60153.1160469054,8.8683316949755,5.52088584285229,9.30677117081359,14.9376374226995,0,1,1,1,0,1,1,0,0,1,1,0,0,1,1,0,1,1,0,1
78949.6666673862,14.1831791540608,7.03910853713751,8.50289170164615,13.9881749101914,0,0,1,1,1,0,1,0,0,1,0,1,0,1,1,1,1,1,0,1
35224.2963294537,6.74017543438822,10.7225858327001,5.23130123736337,8.09690757654607,1,1,1,1,0,0,0,1,1,0,1,1,0,1,0,1,1,0,0,0
23494.4028028679,6.49870562367141,5.36905745510012,8.36816131835803,13.430301672779,0,0,0,0,1,1,1,1,1,1,1,1,1,1,1,1,1,1,0,1
76689.764837731,11.1319922888651,5.18092263257131,8.70525331003591,8.32648886367679,1,1,0,0,0,0,0,1,0,1,1,0,0,1,0,0,1,0,0,0
44205.4369590542,5.17243331996724,6.96549722459167,6.68941826093942,5.09092496940866,1,1,0,1,1,1,1,1,0,1,0,0,1,1,1,1,1,0,0,0
45319.7808555977,5.66110484302044,8.40977491578087,11.602891755756,8.91079044668004,1,0,1,0,0,0,0,0,0,1,1,1,0,1,1,0,1,1,0,0
96882.4271023268,12.7883904147893,7.83653292106465,10.9836459299549,5.17686600796878,0,1,1,1,0,0,0,0,1,1,0,0,0,0,1,0,1,1,1,1
39415.1742391097,14.3565612705424,6.86334068421274,6.38477680506185,6.96436846395954,0,1,1,0,0,0,1,1,0,0,0,1,0,1,1,0,1,0,1,0
46896.3955987337,7.07204139558598,7.04421713249758,6.19223107816651,9.66353505849838,0,1,1,1,0,0,0,0,1,1,1,0,0,1,0,1,1,1,1,1
79644.7152480409,11.4334315690212,7.31853017117828,10.1920671155676,14.3122150446288,1,1,0,0,1,0,1,0,0,1,0,0,0,1,1,0,0,1,0,0
29369.0547273642,8.31379575189203,9.06101839616895,11.8990930868313,12.7527414751239,0,0,0,1,0,1,1,1,1,1,1,1,1,1,0,1,0,1,0,0
68153.0363057956,14.5542159094475,13.6716951150447,7.60044680675492,5.55099572520703,1,0,0,1,0,0,1,1,0,1,1,1,1,0,1,1,1,1,1,1
59773.8303733886,13.1718915700912,7.75812620762736,9.29477599216625,5.56971489218995,1,1,0,0,0,1,0,1,1,0,0,1,1,1,0,0,1,1,1,1
97025.8840365451,12.4027614318766,12.5255450396799,14.1889578220434,12.1199979702942,1,1,1,0,1,0,0,1,0,0,1,0,1,1,0,0,1,1,0,1
80352.0341307092,7.22705976804718,8.40630786726251,12.8075155359693,12.6029317174107,0,1,1,1,1,0,1,1,1,0,0,1,1,0,1,1,0,0,1,1
31585.2584336825,5.45724716503173,14.6010333392769,10.8243419136852,14.0778605476953,1,1,1,0,1,1,1,1,0,1,1,1,1,0,0,1,0,0,1,1
36803.837174367,8.66526579251513,11.2854093126953,13.939746490214,6.4778336789459,0,0,1,1,1,1,0,1,1,1,1,0,1,1,1,1,1,1,1,0
89806.369280022,12.4139302503318,13.4531319653615,12.2037405241281,5.73479738319293,1,1,1,1,1,1,1,0,1,1,1,1,1,1,0,0,1,1,1,0
123426.202548995,14.3350624991581,6.22283626580611,8.38625693926588,11.0223689721897,0,1,1,0,1,0,1,0,0,1,1,0,0,1,1,1,0,0,1,0
69458.5160003805,11.7320994986221,10.5570733151399,14.987510566134,13.6703560315073,0,1,0,1,1,0,1,1,0,0,1,0,1,1,1,1,0,1,0,0
44880.6970798793,12.0135710737668,12.7642580284737,8.33700411953032,9.99327856115997,1,0,1,1,0,1,0,1,1,0,1,1,0,1,1,0,1,0,0,1
97613.1423798862,13.4762540785596,7.59379373397678,13.6243746778928,7.48981764074415,1,0,0,1,1,1,1,0,1,1,1,0,1,1,1,0,1,1,1,1
73410.6356270233,12.061566549819,9.98980368953198,9.81445814250037,6.19886760599911,1,0,1,0,1,1,1,1,0,1,0,0,1,1,0,0,1,1,1,0
87497.3473301622,13.5880775959231,10.8441674686037,9.09564045956358,7.6919708144851,1,1,0,0,1,1,1,0,0,1,0,1,0,0,0,1,1,1,1,1
66067.1048848197,9.4564449111931,9.84753041295335,7.55079049849883,14.5947524369694,1,1,0,1,0,1,0,0,0,0,1,0,0,0,1,1,1,1,1,1
66148.6656165185,11.7663499200717,11.0853985603899,8.20475823478773,9.05411459738389,0,0,1,0,1,0,1,1,1,1,1,0,0,1,1,0,1,1,1,1
55373.5078733279,6.27824782626703,5.20863264566287,14.4548674416728,12.6370598236099,1,0,1,0,1,1,1,1,1,1,0,1,1,1,0,1,1,1,1,0
94364.3191359564,12.3617153521627,8.8279984309338,11.6267828363925,5.99569242680445,0,1,0,0,1,0,1,1,1,1,1,1,0,1,1,0,0,0,1,1
49638.6554061848,5.67245148355141,8.81619910942391,9.74615681683645,14.9789606593549,1,0,1,0,0,1,0,0,1,1,1,1,1,1,1,0,0,1,0,1
67534.7573851742,7.808000696823,5.67407296039164,8.39031583862379,8.94750243518502,1,0,0,1,1,1,0,1,1,1,0,1,0,1,0,0,0,0,0,1
57854.2997511283,9.11617683712393,7.89226401364431,13.0752928578295,12.636170880869,1,1,1,0,1,0,0,1,1,1,0,1,1,1,0,1,0,1,0,1
83706.732634848,14.4342499715276,12.6474290620536,13.7870893185027,8.03771085338667,1,1,1,0,1,1,0,1,1,1,0,0,0,0,0,0,1,0,0,0
112736.884489274,14.7734253318049,13.0158476228826,11.4742415584624,8.70975100202486,1,1,1,1,0,1,1,0,0,0,0,0,1,1,0,1,0,1,0,1
35785.8588059082,5.38866585120559,7.04031246481463,12.8621918009594,8.12757097650319,1,1,1,1,0,0,1,1,1,1,0,1,1,1,1,1,1,0,1,0
73327.8893441988,10.8772777719423,14.1786007233895,14.21566584846,9.48093525599688,0,1,1,0,1,1,1,1,0,1,0,0,1,1,1,0,1,1,0,1
47050.9820202962,5.30011677183211,6.02161068003625,11.4828603365459,10.100145873148,0,1,0,1,0,1,1,0,1,1,1,1,1,1,1,1,1,1,1,0
63819.4275311499,10.6528120837174,13.9088460081257,9.17213676963001,7.92076651472598,1,0,0,1,1,1,1,1,1,0,1,1,1,0,1,0,0,1,1,1
36882.6743859816,5.98227230831981,10.1343122939579,11.312078894116,14.2235452262685,1,0,1,1,1,1,0,1,1,1,1,0,1,0,1,1,1,0,1,0
40470.4969366763,11.3029078859836,6.32781761698425,5.03702667541802,5.99963368615136,1,1,0,0,1,1,1,1,0,0,1,0,1,0,1,0,1,0,1,0
93692.5139220282,13.185018345248,8.37982318364084,11.7743004532531,12.0015733200125,1,1,0,1,0,1,1,0,1,0,0,0,0,0,0,1,1,0,0,1
78568.7632998415,8.50041663041338,7.13000355288386,12.2879758803174,5.14984051696956,0,1,0,1,1,0,0,1,0,0,0,1,0,1,1,0,1,0,0,1
53711.0563163887,6.33983674924821,13.2870218413882,9.78573855245486,14.7682593157515,1,1,0,1,1,1,0,0,1,0,1,0,0,0,1,1,1,0,1,0
14965.0600005141,5.80943378387019,9.64334379183128,6.50652205571532,10.0022469111718,0,1,0,1,1,1,1,1,0,1,0,1,1,1,1,0,0,0,1,1
57912.0482194918,8.50443314295262,8.3625348075293,11.3542621419765,9.47813245467842,0,1,1,0,1,0,1,1,1,1,1,1,0,0,0,0,0,1,0,1
60770.5659074367,14.9627178465016,6.44650358706713,11.905434965156,14.3870602711104,0,1,1,0,0,0,1,0,1,1,0,0,1,1,0,1,1,0,1,0
69559.9284096711,10.3296881075948,13.680710431654,10.8821497112513,9.15215326007456,1,0,0,1,0,1,0,0,1,0,0,1,1,1,1,1,1,0,1,1
21688.3963274325,8.35897380486131,5.54322628770024,6.65054999990389,11.5121177886613,0,0,1,1,1,1,1,1,0,0,1,0,0,1,1,1,1,0,1,0
30473.1703620809,8.14234643476084,11.1388308461756,5.41824816958979,12.053228339646,1,1,1,1,1,0,0,1,0,0,1,1,0,1,0,1,1,1,1,1
48890.6374000616,8.82622060365975,12.8563030483201,9.62367153726518,8.76446146750823,1,1,1,0,1,1,0,0,0,1,1,1,0,1,0,0,1,1,1,0
18051.8790226581,5.18546407809481,10.7944665453397,6.68274397030473,9.23967847367749,1,0,0,0,1,1,0,1,0,0,1,1,0,0,1,0,0,1,1,0
32997.7067208922,5.36539116874337,10.271694813855,7.89797398261726,12.8547937422991,0,0,1,0,1,0,1,0,1,1,1,1,1,1,0,0,1,0,1,1
35629.4165215865,13.7851329403929,9.10513413604349,8.33899395307526,5.48489110777155,1,1,1,1,1,1,1,0,1,1,0,0,1,0,1,1,1,1,1,1
48976.0692180106,9.02064023772255,12.305231585633,9.02934171259403,10.7479118625633,0,1,1,1,0,1,0,0,1,1,1,1,1,1,0,0,1,1,0,1
46149.6862133444,9.69381074188277,13.836000605952,10.8770520356484,6.11148797441274,0,0,1,1,1,0,1,1,1,1,0,1,0,0,1,0,1,1,1,0
29725.2482903577,9.02336510131136,6.14475055364892,7.56302893860266,12.2050485108048,0,1,0,1,0,1,0,0,1,0,0,1,1,0,1,0,0,1,1,1
52093.2887990894,12.0209010248072,8.24147744104266,12.5263267289847,14.4915733113885,1,1,1,1,0,0,0,1,0,1,0,0,0,0,1,0,1,1,1,1
25755.5311835907,8.99164465256035,8.66757013369352,6.62605638848618,11.9672082387842,1,1,1,0,0,1,1,1,1,0,1,1,0,0,1,1,0,1,1,0
44555.0063080517,10.0195832271129,7.53948567667976,11.3388770213351,14.1833812301047,0,0,1,0,0,1,0,1,1,0,1,0,0,1,0,1,0,1,1,0
55407.12393727,5.3697375068441,6.20749427936971,10.7785436999984,9.32412920054048,0,1,1,0,1,1,1,1,1,0,0,1,1,0,0,1,0,1,0,1
77347.6911483798,7.97975734807551,10.8296750625595,13.4307230683044,12.7650272613391,1,1,0,0,1,1,1,0,1,1,1,0,1,1,1,0,0,0,1,1
52085.3185384006,14.628419817891,7.034348747693,6.11892251996323,13.5110912192613,1,0,1,1,1,1,1,1,1,1,1,0,1,0,0,1,0,0,1,0
66063.7726316741,14.3509690463543,10.7975231856108,6.71440947568044,12.6018822868355,0,1,1,1,0,1,1,1,1,1,1,1,0,1,0,0,1,0,0,1
100306.578605795,14.6109917736612,10.9064794029109,8.87805648846552,11.2595254182816,1,1,1,0,1,0,0,1,1,0,0,1,1,1,1,0,1,0,0,1
75000.3357615188,12.9259536415339,14.7718666354194,9.11135312402621,6.77186662098393,1,0,1,1,0,0,0,0,1,0,0,0,1,1,0,0,1,1,0,0
56513.1082797772,12.5477719283663,7.07538184709847,8.81956602213904,5.5966493091546,1,0,1,1,0,1,0,1,0,0,1,1,0,1,1,1,0,0,0,0
13668.9831215447,5.65966630121693,7.42746019270271,5.14523902442306,14.0068463259377,1,0,1,1,0,1,0,1,0,0,1,0,1,1,0,1,1,0,0,0
15904.4798747088,6.35504779173061,6.60246446263045,7.61534916236997,12.3447624780238,1,1,1,0,1,1,1,1,1,1,0,1,0,0,0,1,0,0,1,1
72769.833156691,6.23599375598133,12.8916870150715,13.5615461645648,11.586887051817,0,1,1,0,0,1,1,0,1,1,0,0,1,1,1,1,1,0,1,1
106369.787973251,12.6254386082292,5.95747641520575,14.5931991166435,14.7578922705725,0,0,0,1,0,0,1,0,1,0,0,0,0,0,1,1,1,1,0,0
31478.3308500275,14.0346571593545,9.56290248548612,7.47285005170852,6.32950418628752,1,0,1,1,0,0,0,1,0,0,1,0,1,1,1,1,1,0,1,0
31181.6716254346,9.02659090235829,5.75754487188533,5.30783550348133,11.1923919897527,1,1,1,1,1,0,1,1,1,0,1,0,1,1,1,0,0,1,1,1
29625.3390162917,6.82563007809222,14.3754979316145,7.60124560911208,8.97840845631436,0,1,0,0,1,1,1,0,0,0,1,1,1,1,1,1,1,1,1,0
60264.3599351219,8.7456521904096,6.94110536715016,10.1243879250251,14.7668046527542,1,0,1,1,1,1,0,1,0,1,0,0,1,1,1,1,0,1,1,0
79774.5618471323,10.062086773105,12.1457881340757,14.6691108704545,6.82596063707024,0,1,1,1,1,1,0,1,0,1,1,0,0,1,0,1,0,1,1,1
62535.0847251581,14.135026789736,14.5579069154337,6.13309500040486,11.8450221559033,1,1,1,1,1,1,1,1,0,0,1,0,0,1,0,1,0,0,0,1
44058.8978374362,5.76645181048661,12.4185807094909,12.5641319295391,6.53593524126336,1,1,1,1,1,1,1,1,1,0,1,0,1,1,0,1,1,1,0,1
34029.9002248096,6.09745523892343,7.56030270131305,5.89951955713332,12.0717763365246,1,1,1,0,0,0,1,0,1,0,1,0,1,1,1,0,1,0,0,1
41336.4652129084,12.5426722248085,11.1253227014095,6.40876298537478,6.50677488883957,0,0,0,0,1,0,0,1,0,0,0,0,1,1,1,0,1,1,1,1
73048.5340878517,8.04598775692284,6.32818012498319,9.81771796941757,9.08019832568243,1,0,0,0,1,1,0,1,1,1,1,0,1,1,1,0,1,1,0,1
67756.6056468872,12.2380965645425,6.8019323493354,11.7695604800247,8.83435210911557,0,0,0,1,1,1,1,1,1,0,1,1,1,1,1,1,1,0,0,1
83184.2992770068,7.32330028899014,5.79935517860577,14.8566487478092,5.19885251298547,0,1,1,1,1,0,0,1,1,0,1,1,1,0,1,0,1,1,0,1
51758.8485215339,8.93458866979927,7.71181135671213,6.27168807433918,5.39530414622277,0,1,0,1,1,0,1,0,0,1,0,1,1,1,1,1,1,0,0,0
119190.321375226,10.0787939690053,9.40128399757668,14.2250077985227,6.25616280827671,1,1,0,1,1,0,1,1,0,0,0,0,1,0,0,1,1,1,1,1
50321.6918790871,14.399168654345,12.1145823271945,10.5513422121294,12.4058612738736,0,1,0,1,0,0,0,0,0,1,0,1,1,0,1,0,0,1,1,0
42636.6353320772,5.57875170605257,8.46787970978767,10.7269789488055,9.28555995691568,1,1,1,0,0,0,1,1,1,1,0,1,0,0,1,1,1,0,1,1
72268.5218834914,8.04765704553574,6.50468136416748,13.9107434055768,11.8750187125988,1,1,1,0,1,0,1,1,1,1,1,0,1,1,0,1,1,1,1,1
29658.4541436481,7.40924044046551,10.9950625454076,7.56899788510054,6.35597520740703,0,0,1,1,0,1,0,1,1,1,0,0,1,0,1,1,1,0,0,1
48241.3914340247,8.85203435085714,13.9061832753941,14.664131142199,6.47493624594063,0,0,1,1,1,1,1,0,1,1,1,0,1,1,1,1,1,1,0,1
107184.213954821,12.6298335567117,8.88700943207368,14.7945195785724,5.5833402602002,1,0,1,0,1,1,1,1,0,1,1,0,1,1,1,0,1,1,0,0
116069.094002409,13.6464699869975,5.9813411347568,11.2491328222677,13.9876583288424,1,1,1,1,0,0,1,0,1,0,1,1,1,0,1,0,0,0,1,0
82561.7825571888,11.7911121505313,13.0721184238791,9.07301830127835,9.80721356580034,0,1,1,0,1,0,1,1,1,0,0,0,1,1,0,0,1,1,1,1
103285.412254086,11.7676270543598,6.18084280984476,12.8049137955531,10.5165536864661,1,0,1,1,1,1,0,0,1,0,1,1,0,1,1,0,1,1,1,0
29089.7428498213,6.65052519412711,12.6426555518992,6.8635067017749,7.74956624954939,1,0,1,1,0,0,1,0,0,1,0,1,1,1,0,1,1,1,1,0
89522.4064126141,13.0286742933095,6.26254325965419,7.64470129972324,10.8741557062604,1,1,1,1,0,0,1,0,1,1,1,1,0,0,0,1,1,0,1,1
34383.3244158316,12.1199343143962,13.5453178803436,5.87315915152431,14.9218278354965,1,0,1,1,1,1,0,0,0,0,0,1,1,1,0,0,1,0,1,0
70389.395215324,14.2870308901183,10.3676870721392,7.21211990807205,12.1903324523009,1,0,0,0,0,1,1,0,1,0,1,1,0,0,1,0,1,0,0,1
18292.7296580266,5.07494604913518,10.9619175014086,7.79600742505863,10.4362901696004,0,1,1,0,1,1,1,1,1,1,1,1,0,1,0,1,0,0,0,0
70930.2299343457,10.9633165341802,13.6305423313752,7.08089957013726,11.2394570023753,1,1,0,0,0,1,1,1,0,1,1,1,0,1,1,1,0,1,1,1
70750.8549302886,8.66745680803433,13.6743818363175,14.5235157478601,11.7362747923471,1,0,1,1,1,1,1,0,1,0,0,1,0,1,1,1,1,0,0,1
63918.4197161348,12.4196715536527,5.59093283256516,13.968427721411,11.0849245148711,0,0,1,0,1,0,1,1,0,1,1,0,0,0,1,0,1,0,1,0
79218.5093825525,12.6208739052527,9.69489691546187,13.612037259154,11.88206827268,1,1,1,1,1,1,0,0,0,0,0,0,1,1,1,1,0,0,0,1
5055.57416215806,7.60722959181294,8.42481704195961,5.94145043753088,8.87241223594174,0,0,1,0,1,0,1,0,1,0,1,1,1,0,0,0,0,1,1,1
60083.6727488982,7.54935881355777,13.2457066932693,12.1141675021499,10.2002627542242,0,0,1,0,0,1,0,1,1,0,0,0,1,0,1,1,1,1,1,0
59174.4909312509,11.7884080996737,10.2929045120254,7.07880337489769,10.8173766219988,1,1,0,0,0,1,1,0,0,0,1,1,0,0,1,1,1,1,1,1
43791.4520245989,9.85480662435293,9.37235599849373,5.50832700682804,12.4366608983837,1,1,1,0,1,1,0,1,1,0,1,1,0,0,0,0,1,1,0,1
99270.255475979,8.78584530204535,5.56425790302455,14.278496268671,12.5790180056356,0,1,0,1,0,1,1,0,1,1,0,0,1,1,1,1,1,1,0,0
31316.3346496715,5.55547982687131,7.47774575836957,8.92988628474995,12.0256174309179,0,0,0,1,1,1,1,0,1,1,1,0,1,0,0,1,1,1,1,1
59035.9939578889,13.9902589842677,8.9808634808287,11.8438741355203,11.7985492316075,0,0,0,1,1,1,0,1,1,1,0,1,0,0,0,1,0,0,0,0
113096.260563577,13.017233137507,6.11213281052187,13.6253917240538,12.7956313337199,1,0,1,1,1,0,1,1,1,1,1,0,1,1,0,0,0,1,1,0
47594.2363881011,9.81013050070032,9.21622570138425,5.56240941165015,6.93123138509691,1,0,1,0,0,1,0,1,1,1,1,1,1,1,1,0,0,0,1,1
8585.45327118478,5.32128759194165,7.3918923176825,8.76854222267866,13.3967563998885,1,1,1,1,0,1,1,0,1,1,1,1,1,1,1,1,0,0,1,0
65750.8225660322,10.1200681226328,13.5053229168989,10.9434549300931,13.1193518941291,1,1,0,1,0,1,1,0,1,1,1,1,1,0,1,0,1,0,1,1
45232.531843833,8.73101272154599,7.27025169879198,7.47611920814961,13.5164394695312,1,0,1,1,1,1,1,1,0,1,1,1,1,0,0,0,0,1,0,1
38112.7519622408,9.98571684816852,12.4771232483909,8.42241605743766,9.38100084429607,1,1,1,0,0,1,1,1,1,1,0,1,1,1,1,1,1,1,0,1
47832.816531058,8.99265736807138,12.1771861542948,10.2076779352501,10.2305550337769,1,1,1,1,1,0,1,1,0,0,1,0,1,1,0,0,1,1,1,1
26794.2976333987,5.20946944598109,5.95164871308953,12.9538941057399,6.72143614618108,0,0,0,1,0,1,1,0,1,1,0,1,0,1,1,0,0,0,1,0
46290.9973316065,10.2428902848624,9.7922472585924,7.39070262759924,6.03250428335741,0,1,1,1,0,0,0,0,1,0,0,0,1,1,1,0,0,0,1,0
65124.1570950697,6.603988497518,6.27142050070688,6.22022248571739,8.96078826626763,0,0,0,0,0,0,0,1,1,0,0,1,1,1,1,1,0,0,0,1
44119.1064724139,7.05114235170186,7.64237005030736,8.61404055031016,5.03981604008004,1,0,0,1,1,0,1,1,1,1,1,1,1,1,1,1,1,0,1,1
90177.1675419394,14.7522671567276,7.27041788864881,14.2491417890415,5.34835000289604,1,0,1,1,1,0,1,1,0,1,1,1,0,1,0,1,1,0,0,0
113110.297231781,14.6635487512685,6.84503210475668,14.9169056885876,8.26558922650293,0,1,1,1,0,1,1,0,1,1,1,1,0,0,0,1,0,1,1,1
46209.3316813278,12.6007032231428,5.17255963757634,10.8864504424855,11.7688469984569,0,0,0,0,0,0,1,0,0,1,1,1,0,1,0,1,1,0,1,1
61443.5757609607,5.76370532158762,14.3482026527636,12.0918656722642,5.6458218023181,1,1,1,0,0,0,0,1,1,1,1,0,1,0,0,1,0,1,1,1
82877.8420693891,10.1582387601957,6.21039894642308,14.6624576323666,14.6643969928846,0,0,1,0,1,1,1,0,0,1,1,1,1,0,0,0,0,0,0,1
57626.9855533836,11.0030519450083,9.06425643712282,13.941283011809,8.75219260342419,1,1,0,0,1,0,1,1,0,1,1,1,0,1,0,0,1,1,0,1
33742.6016414343,9.37024090904742,12.8916785703041,8.54800454340875,10.7218305091374,1,1,1,1,1,0,0,1,0,1,1,1,1,1,1,0,1,1,1,1
66890.2411176101,5.01642261166126,6.05868488550186,10.1972768548876,9.04135449090973,1,1,0,1,1,0,1,1,1,0,1,1,0,1,1,0,1,0,0,1
51255.6304664088,9.35551518108696,8.41594616649672,10.3162887459621,12.2850637766533,1,1,0,1,1,0,1,1,1,0,1,0,0,0,0,1,1,1,0,0
37293.4799270578,10.0096376892179,8.33594424650073,8.24357228120789,11.1513989581726,0,1,0,1,1,0,0,0,0,1,1,1,0,1,1,1,1,1,1,0
37170.106336377,11.696047061123,12.7440193691291,7.73691711714491,8.11245300574228,1,0,1,1,0,1,1,1,1,0,1,1,1,0,0,1,0,0,1,1
94726.0700315472,11.9485710677691,10.3716715797782,12.4469539755955,14.5272927056067,1,1,0,0,0,1,0,1,0,1,1,1,0,0,0,1,0,0,0,0
82446.2582731577,12.8251031436957,12.8717148839496,10.6503357505426,6.68889827094972,1,1,1,1,1,1,1,0,0,0,0,1,1,0,1,0,1,0,0,0
17095.8461900456,6.39022845542058,12.9758922499605,5.68710021674633,14.5523816393688,0,0,1,0,0,1,0,1,1,1,1,1,1,0,0,0,0,0,1,1
18083.0805106451,6.63245677249506,7.23905894672498,9.22959145624191,7.58597220294178,1,1,1,0,1,0,1,0,1,1,0,0,1,1,0,0,1,0,0,1
70493.0097487518,12.5954291014932,9.66157538117841,14.2910863016732,13.2086685672402,1,0,1,1,0,1,1,1,0,1,0,1,0,0,0,0,1,1,1,0
16243.244546581,9.43703617434949,8.2234396552667,8.84970221668482,8.7737909401767,1,1,0,1,1,1,1,1,0,1,0,0,0,0,0,1,0,0,1,0
61350.778935787,11.2966883042827,10.4453003010713,9.12249903194606,10.9185325424187,0,0,0,1,1,1,0,1,0,0,0,1,0,1,1,1,0,1,1,0
74984.0074886744,6.04512860300019,14.7156942519359,12.3112116428092,11.8405885412358,1,0,1,1,1,1,0,0,1,1,0,0,1,0,1,1,1,1,1,1
40714.9711374783,13.3554889727384,6.49301019264385,5.01254295697436,11.63563730428,1,0,0,0,1,1,1,0,0,1,1,1,1,1,0,0,1,1,1,0
48890.3232161943,8.33949361927807,8.63682809751481,12.1260654483922,12.5207320507616,0,0,1,1,0,1,1,1,1,0,1,1,0,1,1,1,1,1,1,0
34189.8387952187,6.99519188608974,12.8710683435202,6.92397443577647,9.80912014376372,1,0,0,0,1,0,0,0,0,1,1,1,1,0,1,0,1,1,0,1
39091.3892579601,11.9454547646455,10.8660913188942,5.14923913870007,10.3414175589569,0,0,1,1,0,0,0,0,1,1,0,0,0,1,0,1,0,1,1,0
34808.2574537593,6.65878762723878,10.3978947806172,8.39476770488545,5.55522623239085,0,1,0,1,1,0,1,1,1,0,0,0,0,1,0,0,0,1,0,1
150.636881587446,5.73963903822005,13.7388600897975,5.36345563363284,9.88009887747467,0,0,0,0,1,0,1,0,1,0,0,1,0,0,1,1,0,0,0,0
73775.4656668215,5.38236188469455,12.6942658470944,14.7666143625975,14.7435979545116,0,0,0,1,1,1,1,1,1,0,1,0,0,1,0,1,1,1,1,0
81697.070123946,13.4602021658793,9.50837499694899,12.2181232855655,11.9760561431758,0,0,0,0,1,1,0,1,1,1,1,1,1,0,1,1,1,1,0,0
55485.5595567005,8.73548197327182,14.3905406747945,9.68520384514704,13.82320020115,1,1,0,1,1,1,0,0,0,0,1,1,0,1,1,1,1,1,1,1
82313.4039553297,13.807106972672,10.5858905287459,5.57908961549401,8.8331977953203,1,1,0,0,0,1,0,1,1,1,1,0,1,1,1,1,1,0,1,1
16933.5948842655,5.90317772468552,10.7100012502633,5.68927153479308,13.7983255367726,1,1,1,1,1,0,0,0,0,1,0,0,1,0,0,0,0,1,0,0
70707.8046124625,9.95907411212102,6.07309120241553,13.4686921769753,10.532278669998,1,0,0,0,1,0,1,0,1,1,0,0,1,1,0,0,1,1,1,0
56012.6235397975,12.5432273605838,8.88762210728601,8.87105526635423,8.06484774919227,1,1,1,1,1,0,1,1,1,1,1,0,0,0,0,1,0,1,1,0
45010.490599903,11.0589081305079,14.7747800545767,10.3026015707292,13.0713739735074,1,1,0,0,1,1,1,0,0,1,1,1,1,0,1,0,1,0,0,1
32831.3959327482,10.2841279655695,7.21451952122152,6.8378784134984,12.1845511742868,0,1,1,0,1,1,0,0,0,1,0,0,1,1,1,1,1,1,1,1
55670.1275990731,14.1020668274723,7.20063263550401,9.55626097740605,9.09570009913296,1,1,1,0,1,0,0,0,1,1,0,0,0,1,1,1,0,1,1,0
40779.618654559,14.8572890390642,7.82170991180465,5.57741748867556,11.8870844901539,1,0,0,1,1,1,1,0,1,0,1,1,1,1,1,1,0,1,1,1
41403.5099153219,7.79742561979219,6.19221175322309,5.48277926864102,8.883526714053,1,0,1,1,1,1,1,1,1,0,1,0,1,0,0,1,0,1,0,1
57831.975431753,6.23491694685072,6.80133660789579,7.51966296695173,5.58521756669506,1,1,1,1,0,1,1,0,1,1,1,1,1,1,1,0,1,1,1,1
25030.1816949349,6.7437904397957,7.84447416896001,7.51235500676557,9.92824187967926,0,1,1,0,1,1,1,1,1,1,0,1,1,1,0,1,0,0,1,0
55435.5099160044,13.813352547586,11.4427557610907,5.3171505429782,9.33283892925829,1,0,0,0,1,1,0,0,0,1,0,0,1,1,1,1,0,1,1,1
43956.1593807296,6.24628272140399,14.6035502664745,12.8832402895205,9.79780577123165,1,1,0,1,1,1,1,0,0,0,0,1,0,1,0,1,1,1,0,0
110038.002418169,7.98968904651701,5.71094990009442,14.9636180466041,11.471384097822,0,1,0,0,1,1,1,1,0,1,0,1,1,1,1,0,0,1,1,1
63050.1071690652,6.64734639925882,5.3791846963577,13.6457762867212,9.40008569974452,0,1,1,0,1,1,1,1,1,0,1,1,0,1,0,0,1,0,1,1
30360.991484735,5.72609544498846,5.40460940916091,11.0958851873875,11.5656154509634,1,1,1,1,0,1,0,1,1,1,0,1,0,1,0,1,1,0,0,1
36827.6035643248,7.38413982093334,9.16924799326807,6.05872784042731,10.9093799255788,1,0,0,0,1,1,0,1,1,1,1,1,1,1,0,1,0,1,0,1
89388.1595760689,12.1666660532355,7.52264143666252,12.3403731710277,7.65165969729424,0,1,1,0,0,1,1,1,0,1,1,1,1,0,1,1,0,1,0,0
79057.9407101944,11.4502099179663,6.08593236422166,13.1163121759892,14.0620301524177,1,0,0,1,1,1,1,0,1,1,0,1,1,0,0,0,0,0,1,1
16021.1510952611,5.75874966569245,13.6087944940664,6.24777175020427,14.7012669499964,1,0,0,0,1,1,0,1,1,1,0,0,1,0,1,1,1,1,1,1
45210.2687793908,6.72708922065794,6.51392416795716,13.6251254635863,5.37544498918578,1,0,0,1,1,0,0,1,0,0,1,1,0,1,0,1,1,1,1,1
51609.7621658854,6.45670357858762,10.4887979244813,14.0245494199917,14.6824102010578,1,1,1,0,0,1,1,1,1,0,1,1,1,0,1,1,1,0,1,1
27866.8758507507,8.91901184339076,10.107245228719,5.46288621844724,9.49833522783592,1,0,0,0,1,0,1,1,1,0,0,0,1,1,0,0,0,1,1,1
44568.0603869432,7.31745099416003,8.10565027175471,11.9920956040733,12.5687972363085,1,1,1,1,1,1,0,0,1,1,1,0,0,1,0,1,1,0,1,1
43817.124987263,10.6137982290238,11.8297776067629,8.50361630087718,13.7436917936429,1,1,1,1,0,1,1,0,0,1,1,0,1,1,0,1,0,0,1,1
81915.8374843368,10.8352018659934,12.4843982071616,6.73961268737912,7.6037059398368,1,0,1,1,0,0,0,1,0,0,0,1,1,0,1,0,0,1,0,0
40687.2162209776,5.98759338259697,14.5251845661551,10.4602198838256,11.8335239915177,1,1,1,1,1,0,1,0,0,1,1,1,0,1,1,0,0,1,1,1
47271.7460731594,6.5891654137522,8.62614567857236,9.57101816078648,6.74226291710511,1,0,1,1,1,1,1,1,1,1,1,1,0,1,1,0,1,1,0,0
69007.1334400483,14.2206540401094,8.46293529728428,8.79365042084828,8.99133644532412,0,1,1,1,1,1,1,1,1,1,0,0,0,1,0,1,1,1,1,0
75058.9560266058,13.5944971907884,9.54230330651626,8.44713973579928,5.96901571378112,1,0,0,1,1,0,1,1,0,0,1,0,1,1,1,0,1,1,1,1
40311.5276311027,14.0719875344075,11.6870469669811,7.47539757518098,10.3689654683694,0,0,0,1,1,1,1,0,0,1,1,0,0,0,0,1,1,0,1,1
62103.3686336689,6.15268956404179,10.2909174794331,14.0090079698712,7.56364066153765,1,0,1,1,1,1,1,1,1,1,0,1,0,0,0,0,1,0,1,1
44606.4929587866,5.35539234057069,5.02821187954396,11.683702126611,14.9396232049912,1,0,1,0,0,1,1,1,1,0,1,1,0,0,1,0,1,1,1,1
67578.2299991829,10.8575438754633,13.6187335569412,9.35003696009517,5.33014417625964,1,0,1,1,1,1,1,0,1,1,1,1,1,1,0,0,0,1,0,0
70801.7909834571,8.14168264856562,10.5688567017205,10.9900604910217,11.5797972586006,1,0,1,1,1,0,0,1,1,1,1,0,0,0,1,0,1,1,1,0
104792.132831166,10.5688927415758,14.019198671449,13.6109006009065,11.9060067669488,0,1,0,1,0,1,0,1,1,1,0,0,1,0,1,1,1,0,0,0
65437.5844398483,8.54495415464044,14.5032596983947,14.6399091137573,10.5692194239236,1,0,1,0,1,1,0,0,1,0,1,0,0,1,1,0,1,0,1,0
21342.9874140821,6.43268311629072,14.0016832225956,12.6725354185328,5.71667871205136,1,0,1,0,1,1,1,1,1,0,0,0,1,1,1,1,0,1,0,1
38900.9228341164,10.6713546277024,11.9394644605927,7.63320409459993,11.6056622634642,1,0,1,1,0,1,0,1,1,0,0,0,1,1,1,1,0,0,1,0
66025.3740109056,8.34098657825962,13.362238756381,8.82403031224385,6.15426163887605,1,1,0,0,0,0,1,0,0,1,1,1,0,1,1,1,1,0,1,1
37129.0600722762,6.20401190593839,9.63188710156828,10.4840560606681,12.8304433915764,1,0,1,1,0,1,1,1,1,0,1,0,0,0,0,1,1,0,1,1
59750.0469064672,7.55854324204847,11.2909968500026,9.80093627702445,12.5209684832953,1,0,1,1,0,0,1,1,1,0,0,0,0,0,1,1,0,1,0,0
40203.0691655544,8.53385316440836,9.39100827323273,6.76780153997242,9.60252435645089,1,1,0,1,1,0,0,0,0,0,1,1,1,1,1,0,1,1,1,0
51610.7257146805,13.313199293334,14.6992113091983,6.94230885012075,11.5822347067297,1,1,1,1,1,1,1,0,1,1,1,1,0,1,0,1,1,0,0,1
68304.3818629312,12.8322391654365,7.79548889491707,6.9061488029547,12.8241845080629,0,0,1,0,0,0,1,0,0,1,1,0,0,0,0,1,1,1,0,1
105398.588580414,14.4015220738947,14.7946878382936,8.09242689283565,13.7250601965934,1,1,0,0,1,1,0,0,1,1,1,1,1,0,0,0,0,1,1,1
72103.4333282723,13.3919903170317,11.8292520102113,8.93958219559863,8.00053164595738,1,1,0,1,1,0,1,0,1,1,1,1,1,1,1,0,1,0,1,1
40188.5240299848,6.48985019186512,14.0800611441955,5.81369558814913,11.9206880428828,1,0,0,1,0,0,1,0,0,1,1,1,1,0,1,1,1,0,1,0
63752.5021969367,10.9067608509213,11.6997888567857,12.5265523046255,10.4230591771193,0,1,0,1,1,1,1,1,1,0,1,0,1,0,1,0,1,1,1,0
55912.0399442311,13.2396260066889,9.13064608583227,8.35645363898948,9.73273857729509,1,1,0,1,1,0,1,0,0,1,0,0,1,1,1,0,1,1,0,0
104961.499356696,11.3188536535017,14.3138623796403,14.2370392126031,5.15578101156279,1,0,0,1,0,1,0,1,0,1,0,0,1,1,0,1,0,1,1,0
62026.1389969298,9.69929961487651,6.49158932967111,8.57597754336894,11.7005083104596,1,1,0,1,1,1,1,1,1,0,1,1,0,1,1,1,1,1,1,0
18149.7880965398,7.58740903576836,5.1702166069299,8.52957154624164,13.6216363566928,1,0,0,1,0,0,1,1,0,1,1,0,0,1,1,0,0,1,1,0
16524.252466877,5.2458035084419,10.7650084933266,9.13683120859787,5.64009410794824,0,0,0,1,1,0,0,1,1,1,1,0,0,0,1,0,1,0,1,0
45168.9482812989,8.28808127669618,10.0874104141258,7.1347782202065,12.6745874877088,1,1,0,1,1,0,0,0,1,0,0,1,1,1,0,1,0,1,1,1
58808.0147075008,7.24853484425694,7.89366538636386,14.9377895914949,10.4364527948201,1,0,1,1,0,1,1,0,0,0,1,1,0,1,1,0,0,0,0,1
60338.5718743875,13.7733183940873,7.76402591494843,11.0272088856436,13.0440870532766,0,0,1,0,1,1,0,0,1,0,0,1,0,1,0,1,1,0,0,0
72496.5959569582,11.7765420069918,11.0833837930113,10.5771320918575,10.7497104629874,0,1,1,1,0,0,1,0,1,1,1,0,1,1,0,1,0,1,0,1
93937.9652824031,10.2593330363743,8.90518135624006,13.9399151946418,13.9657536614686,1,1,0,1,1,1,1,1,0,1,0,1,1,1,1,1,1,0,1,0
26499.1012428581,10.5768666393124,7.90983642218634,5.69730199174955,12.8261086693965,1,1,0,1,1,1,1,1,1,0,0,1,1,0,1,1,1,1,1,1
51686.0439248742,7.47471673414111,8.85935724014416,12.8196475049481,11.204966455698,0,1,0,0,1,1,1,1,1,0,1,1,1,1,1,0,1,0,0,1
47410.3580819583,5.07296770811081,13.2154262624681,13.2361854217015,9.81452158419415,1,0,0,1,0,1,1,0,1,0,1,0,1,0,1,0,1,0,1,1
105086.195607118,14.4890643516555,7.32980050612241,9.87648943671957,10.7606116589159,1,1,0,1,0,1,0,0,1,0,1,0,0,0,1,0,1,0,1,1
83459.055579823,12.1915013855323,14.8571814456955,8.86665469966829,10.3814676008187,1,1,1,1,1,1,1,0,0,1,0,0,1,0,1,0,1,1,0,1
41208.8400367055,7.79324544593692,11.15445851814,5.53936281474307,11.9842292042449,1,1,1,0,0,1,1,1,1,0,0,1,0,1,1,0,0,1,0,0
125349.781297186,12.4378285603598,13.3247573161498,14.2063746950589,5.90895985485986,1,1,0,1,1,0,1,1,0,1,1,1,1,1,0,0,1,0,0,1
34657.8036179437,13.70748400921,7.36615931149572,7.54559968365356,6.67463864898309,1,1,0,1,0,1,1,1,0,1,1,1,1,1,1,1,0,0,1,1
36699.0319930375,8.80370125174522,12.7090134331957,10.2143999561667,12.0842380914837,1,1,1,0,0,0,1,0,1,1,1,0,1,1,0,1,0,1,0,0
100296.509082514,12.194475159049,5.58773553231731,13.2305167010054,5.31788581283763,1,0,1,1,0,0,1,1,0,1,1,0,1,0,0,1,1,0,1,0
70896.6463894104,7.39606710383669,10.1489964593202,14.4594733882695,5.28374212561175,1,1,1,1,1,1,0,1,1,1,0,1,0,0,1,1,1,0,0,1
60578.6126037328,11.4776487415656,13.610125950072,13.4698474616744,6.9453017693013,1,1,1,1,1,1,0,1,1,0,1,1,1,0,0,0,0,1,0,1
110490.043695177,14.7567076073028,14.854021423962,9.93127718102187,10.8093045488931,0,1,1,0,1,0,1,0,1,0,1,1,1,0,0,1,1,1,0,0
39723.7266874893,8.77998807933182,8.96762260701507,6.11786963418126,6.9961941242218,1,1,1,0,0,0,1,1,0,0,1,1,1,0,0,0,1,1,1,0
21124.1425473692,9.64144128607586,9.68283585039899,7.93689168989658,11.5837747044861,0,0,0,1,1,1,0,1,1,1,1,1,0,1,1,1,1,0,1,0
80679.0615114523,13.1229629577138,9.20655518304557,10.6945480918512,11.5368391317315,1,1,0,0,0,1,0,1,1,0,1,1,0,0,1,1,1,0,1,1
94665.0073667184,9.94408113183454,14.156348449178,14.7607469419017,14.2317417240702,1,1,1,1,1,0,0,1,0,0,0,0,1,0,1,1,1,0,1,1
11067.4810757707,5.50309022655711,9.82314377091825,7.56749568041414,5.80037692328915,0,1,0,1,1,1,1,1,1,1,1,1,0,1,1,1,1,0,0,1
14396.4736340962,6.30621740594506,14.4240832305513,5.85951800923795,13.2258746726438,0,0,0,1,0,0,0,1,1,1,1,1,1,0,1,1,0,0,0,0
125586.723264842,6.61438316106796,6.24178858473897,14.7805468086153,5.88371206307784,1,1,1,1,1,0,1,0,0,1,1,0,0,1,0,0,0,1,0,1
42735.0845290587,5.89453159831464,10.6370793958195,11.6454388550483,13.4715892234817,1,1,0,0,0,0,0,1,1,1,1,0,0,1,1,0,1,0,1,1
59963.330642794,9.03614088194445,12.3123671440408,10.8842825749889,7.80171511694789,0,1,0,0,1,1,0,0,1,0,1,1,1,1,0,1,0,1,0,0
21928.8275624446,5.63859867863357,5.00570522155613,6.64455680875108,5.36077241180465,0,0,1,0,0,0,0,0,0,0,1,1,1,0,1,1,0,1,1,1
48880.270909862,10.6200592243113,11.2835558527149,5.99389103241265,12.8714149561711,0,1,1,1,1,1,1,1,1,1,1,0,1,0,1,0,1,0,1,1
86839.5336472763,8.36524107959121,8.70726245688275,13.8355976366438,14.4545777584426,0,0,1,0,0,0,1,1,0,0,1,0,0,0,0,1,0,0,1,1
62949.8722208041,10.406422810629,5.85761874914169,11.8561470741406,9.74707599030808,1,1,1,1,0,1,1,1,1,0,1,1,1,1,1,1,0,1,0,0
63617.8536142047,14.1323122195899,11.7619675700553,11.7037889128551,8.31623951438814,1,1,1,1,1,1,1,1,1,0,1,0,1,1,0,1,1,1,0,0
55099.4515050708,8.8688075914979,11.0915774572641,8.15664876252413,8.98023697314784,1,0,0,1,1,1,1,0,1,0,0,1,1,1,1,0,0,0,0,1
26333.9104074977,14.6026716404594,5.96099101239815,8.33926116814837,14.9594097351655,1,1,1,1,1,1,1,0,0,0,1,1,1,0,0,1,0,0,1,0
42354.5864976922,8.84686591336504,8.9890470681712,8.58517591608688,11.7848953953944,0,0,1,1,0,1,1,0,0,1,1,1,0,1,1,1,1,1,1,1
40496.7384390634,14.4160197931342,5.98321767989546,8.52840007981285,7.50235347775742,0,1,1,1,1,1,1,1,1,1,1,0,1,0,0,1,1,1,1,1
38467.7226460085,11.8063565716147,12.9456769418903,7.65147265279666,11.6280368925072,1,1,1,1,1,1,1,0,0,0,1,1,1,1,0,0,1,1,1,1
67138.0103407574,14.0264235367067,13.1763255433179,13.1291784998029,6.19236228987575,1,1,0,0,1,1,1,1,0,1,0,1,0,1,1,1,1,1,1,1
57145.8714820078,7.53797065699473,9.05014413874596,13.7481535179541,13.918291432783,1,0,1,1,0,1,1,1,1,0,0,1,0,1,0,0,1,1,1,0
22669.661429289,9.06097129452974,5.02587280236185,6.43436587648466,12.6224744901992,1,0,1,1,1,0,0,1,0,1,0,0,1,0,1,0,1,1,0,1
21919.9305014563,5.14248613500968,11.0858040349558,6.67827768716961,7.07215846050531,1,1,0,1,0,1,0,0,0,0,1,0,1,1,1,0,1,1,0,1
46513.3038168463,6.1044779419899,10.9233692497946,7.18499390175566,9.95172490365803,0,0,1,1,1,1,1,1,0,1,0,1,1,0,1,0,1,1,1,0
100050.052072345,10.0153779191896,14.1015745280311,14.9406648497097,12.8063060878776,0,1,1,1,0,0,1,0,1,0,1,1,1,1,1,1,1,1,0,0
53862.7938795172,8.71526648057625,8.93951011588797,11.5831273631193,13.9614180498756,1,0,1,1,1,0,1,0,0,0,1,1,1,0,0,0,1,1,1,0
88767.125440573,13.0591555428691,14.6420027688146,13.2178514148109,6.57243579160422,1,0,1,1,0,1,1,1,1,1,0,1,1,1,0,0,1,1,0,1
34877.3676042308,5.07922843564302,7.55093980347738,12.7345445216633,8.16689323168248,1,0,1,1,1,1,1,0,1,0,1,1,0,1,1,0,0,0,0,1
50842.056724812,13.3651205920614,6.40771795995533,5.36470233928412,7.22468635300174,0,1,1,0,1,0,1,0,0,1,1,0,0,0,1,1,0,0,0,0
21807.2231138197,8.7683917931281,10.2525442396291,5.431723294314,6.72911806497723,0,1,0,0,1,0,0,1,1,1,1,1,0,0,1,0,0,0,1,0
22070.1712225245,8.85248533217236,9.54066655598581,5.56243818020448,7.84868513699621,0,1,0,0,1,1,0,1,1,1,1,1,0,1,1,0,1,0,1,0
76233.8796510064,14.5153057551943,10.2172237401828,10.7622864330187,12.7657455787994,0,0,1,0,0,1,1,0,0,0,1,1,1,1,0,1,0,0,1,1
61792.2763367279,9.75674239452928,5.85697400150821,9.82910368358716,13.6633183108643,0,0,1,1,0,0,1,0,1,1,1,1,1,1,1,1,1,0,1,1
37299.6357941793,10.5209379433654,10.9754949505441,6.22671921039,9.01312458794564,1,0,0,1,0,1,1,1,1,0,0,1,1,0,1,0,1,1,0,0
92993.4571996883,14.3471632502042,11.8351564207114,8.97473322460428,7.516354622785,1,1,1,0,1,0,1,0,1,1,1,0,1,1,1,1,1,1,1,0
45306.4364435628,13.6343625606969,10.4935643542558,7.60492219589651,13.5967564512976,0,1,0,1,0,1,1,0,1,1,0,0,1,1,0,1,0,1,0,0
97265.69281345,7.59914484340698,11.2022546841763,11.5081537980586,7.15222623432055,1,1,1,0,1,1,1,1,1,1,0,0,0,0,1,1,0,0,0,0
74421.2710060215,11.8769983458333,7.96236180700362,14.0531400078908,12.3983741179109,1,0,1,0,1,0,0,1,1,0,1,0,1,1,1,1,1,1,1,0
29593.0766252489,9.47907246183604,7.84499722765759,12.4012889387086,8.89000087510794,0,1,0,0,0,0,1,1,0,1,1,1,1,0,0,1,1,0,1,1
73108.4473729758,7.1801627590321,11.0198276233859,13.4171712119132,9.09980691736564,0,0,0,0,0,1,0,0,1,1,0,1,0,0,1,1,1,0,0,0
57624.3359975506,11.8623681506142,6.67672119801864,5.44239912647754,9.99235281953588,1,1,1,0,0,1,1,1,1,1,0,0,0,0,1,0,1,0,0,0
52511.1285480976,14.5938202529214,14.1738713858649,9.23272797605023,10.6983320391737,1,1,1,1,1,1,1,1,0,1,0,1,1,1,0,0,0,1,1,0
63206.8695974061,7.59404480922967,14.9091042298824,13.7393954652362,11.1797376582399,1,1,0,1,1,1,1,0,0,1,1,0,1,0,1,0,1,1,1,1
33498.1142208246,9.68759991927072,12.4766836455092,6.75364339957014,11.4379443833604,1,1,0,1,1,0,1,1,0,1,1,1,1,0,0,1,1,1,1,0
46544.3674060953,8.21339557645842,9.92538609309122,8.48761594388634,9.87775045447052,1,1,0,1,0,1,0,1,0,1,1,0,1,0,1,1,1,1,1,1
64730.9034506647,6.64642814546824,14.3280980340205,11.2184477970004,6.21212001889944,1,0,1,1,0,1,0,1,1,1,0,0,1,0,0,1,0,1,0,0
68483.2032722869,12.1472772536799,11.170389961917,9.21700002858415,8.6614610417746,1,0,1,1,1,0,1,1,0,1,1,0,1,1,0,0,1,1,1,1
115627.336690626,10.2816575136967,8.91704063396901,14.4332591979764,7.81148678390309,0,1,0,0,1,1,1,1,0,1,1,1,0,1,0,1,0,0,0,1
39782.4679287461,7.34714680118486,6.96377992630005,14.9523250130005,13.2446609856561,1,0,1,1,0,1,0,0,1,1,1,1,0,1,1,1,1,1,1,1
79455.4786628648,5.64431661507115,12.2007887787186,13.1757154385559,11.1689643748105,1,0,1,1,1,0,0,0,1,0,0,1,1,1,0,0,0,0,0,0
68038.3437509087,11.7576349619776,14.3417207337916,14.0097848442383,5.12142946245149,0,0,0,0,1,1,1,1,1,0,1,0,1,1,0,1,0,0,1,1
56264.1398383599,13.0614536185749,11.9264388713054,11.5584251796827,14.6801926218905,0,1,1,1,1,0,0,1,1,1,1,0,0,0,1,0,1,0,0,1
46364.9046186154,6.15471235243604,13.8858093018644,9.03636518400162,7.82971344189718,0,1,1,1,0,1,1,1,1,0,1,0,0,0,0,0,1,0,1,1
72938.9428187918,11.9201442133635,7.2866586712189,10.3017009655014,12.9008426168002,1,0,0,1,0,0,1,0,1,1,0,0,1,1,1,1,1,1,0,0
49492.5100065085,5.21786228520796,10.4656895017251,10.0248102215119,12.2699718270451,0,1,0,1,1,1,1,0,1,1,1,1,0,1,0,0,1,1,1,0
76702.5260745032,8.61376708606258,7.06999191548675,13.5531146964058,11.8729146849364,1,1,0,0,0,0,1,0,1,1,0,1,1,0,1,1,1,0,1,1
53469.6932787947,12.3228004993871,10.3704978199676,7.54033628618345,5.77912453562021,1,1,1,0,0,1,1,1,1,1,0,1,1,1,1,1,1,0,1,1
97061.8249281757,8.12623041914776,14.6927777724341,13.2041244348511,13.2290725293569,1,1,0,0,0,1,1,0,0,0,1,1,0,0,1,0,1,1,0,0
61897.8861486132,9.47153053246439,13.032339066267,8.64364749984816,10.0320159411058,1,1,0,0,0,0,1,1,0,1,0,0,1,1,0,0,1,1,0,0
89845.8982741226,13.2543906802312,7.04046824015677,12.908209527377,11.766350872349,1,1,0,1,0,1,1,0,0,0,1,1,0,1,0,1,0,0,0,0
60781.4580142633,8.31795465201139,9.00646861409768,14.0983382659033,12.289338267874,0,0,1,1,0,0,1,1,1,0,1,0,0,1,0,1,0,1,1,1
32607.2254225663,6.44025167217478,13.2912487583235,7.38349352730438,7.5721885310486,0,1,0,1,0,1,1,1,1,1,0,1,1,1,0,1,0,1,0,1
66778.7316742449,8.0092075210996,9.41127017373219,12.2321507148445,10.0359716732055,1,0,0,0,0,1,1,1,1,1,1,1,1,0,1,1,0,1,0,0
6475.44000524134,6.62601796910167,8.95053243497387,5.03577044932172,13.8797029806301,0,1,1,1,1,0,1,1,0,0,1,0,0,0,0,1,0,1,1,0
111864.770626662,13.3947157836519,5.30888692243025,12.6389997196384,5.1665384718217,1,0,0,0,0,1,0,0,1,1,1,1,1,1,1,0,0,1,1,1
49760.9762465481,11.643074771855,6.3586610625498,7.85341114038602,6.38627071399242,0,1,1,1,1,1,0,1,0,0,1,0,1,1,1,1,1,1,1,0
41806.6580945835,6.38867305591702,11.7718442413025,8.40382555965334,11.072355392389,0,1,0,0,0,0,0,1,1,0,0,0,1,1,0,0,0,1,0,0
68841.4168495258,8.25881813885644,5.62488066963851,14.0306214266457,6.64754412369803,1,1,0,0,1,1,1,1,1,1,1,0,0,1,1,0,0,0,0,1
156678.088287302,13.31430218881,14.9753821385093,13.7757976003923,9.23491997411475,0,1,1,0,1,1,1,0,1,1,0,1,1,0,0,1,0,1,1,0
51924.788394377,13.2253910438158,6.13849017070606,9.24540334381163,11.2286966643296,0,1,0,1,0,0,0,0,1,0,1,1,0,0,1,1,1,0,0,0
62264.1085260223,6.49399920366704,11.2533250055276,13.1647966522723,6.86499061062932,1,0,1,1,1,0,1,1,0,0,1,0,1,1,0,0,0,0,1,1
50518.5852495267,9.21279689529911,5.25586555711925,7.61721107410267,14.5463247527368,0,1,1,1,1,1,0,1,0,1,1,1,1,0,1,1,0,0,1,0
53396.9185309797,9.45182651514187,5.6874243915081,10.8418732276186,12.1873371955007,1,0,1,0,1,1,1,1,0,0,1,1,1,1,1,0,0,0,0,1
73592.2923465553,13.8392737577669,6.88337299507111,5.20906128920615,7.83529730048031,0,0,1,1,1,1,0,1,0,1,1,1,0,0,1,1,0,1,1,0
